~o
<STREAMINFO> 1 39
<VECSIZE> 39<NULLD><MFCC_D_A_0><DIAGC>
~h "a"
<BEGINHMM>
<NUMSTATES> 5
<STATE> 2
<MEAN> 39
 5.520775e-01 -6.678636e+00 1.289941e+00 -5.556520e+00 -4.189689e+00 -2.988686e+00 1.529403e+00 -2.172922e+00 3.012859e+00 -2.088602e+00 -8.770140e-02 -4.191330e+00 6.490834e+01 5.759184e-03 1.907775e-03 -3.631696e-03 -9.962698e-03 1.449037e-03 -1.430401e-04 -1.057798e-03 5.266753e-04 1.352247e-04 5.337500e-03 -2.076287e-03 -3.818945e-03 8.803654e-03 1.178606e-03 -5.873916e-04 -7.214692e-04 -6.324131e-04 -1.511338e-04 8.623252e-04 -1.839967e-04 -2.766962e-04 -1.815769e-04 4.399083e-05 2.477260e-04 -3.459345e-04 5.738422e-04
<VARIANCE> 39
 5.860250e+01 5.359374e+01 7.473769e+01 3.916924e+01 6.115429e+01 3.766466e+01 4.058585e+01 3.489154e+01 3.805869e+01 2.371371e+01 2.655720e+01 3.361511e+01 6.201839e+01 1.879750e+00 1.862990e+00 2.044620e+00 1.708634e+00 2.180469e+00 2.084069e+00 2.192154e+00 2.043959e+00 1.904439e+00 1.653080e+00 1.673502e+00 1.766150e+00 1.640791e+00 2.437607e-01 2.733053e-01 3.098162e-01 2.744914e-01 3.603028e-01 3.555857e-01 3.939685e-01 3.645470e-01 3.441637e-01 3.181950e-01 3.098045e-01 3.133599e-01 2.092741e-01
<GCONST> 1.134028e+02
<STATE> 3
<MEAN> 39
 5.794539e-01 -6.674609e+00 1.273474e+00 -5.597040e+00 -4.185065e+00 -2.986581e+00 1.523672e+00 -2.172216e+00 3.012083e+00 -2.068115e+00 -9.520344e-02 -4.207878e+00 6.494602e+01 9.955721e-03 -5.069305e-04 -5.992993e-03 -1.219737e-02 8.833552e-04 3.400134e-03 -1.973031e-03 -7.097835e-04 -3.025375e-04 5.311269e-03 -1.260975e-03 -5.123558e-03 1.108695e-02 1.191468e-03 -7.510750e-04 -6.008611e-04 -2.916402e-04 -3.007954e-05 1.301153e-03 8.209608e-06 -4.019144e-04 -9.339696e-05 -9.873368e-05 5.418516e-05 -4.084423e-04 5.744013e-04
<VARIANCE> 39
 5.862185e+01 5.352401e+01 7.478925e+01 3.911506e+01 6.117427e+01 3.773859e+01 4.068735e+01 3.492694e+01 3.814521e+01 2.361691e+01 2.672610e+01 3.366041e+01 6.212266e+01 1.890701e+00 1.872994e+00 2.048697e+00 1.718841e+00 2.186438e+00 2.096820e+00 2.188043e+00 2.048405e+00 1.907069e+00 1.648622e+00 1.677969e+00 1.768300e+00 1.651616e+00 2.453648e-01 2.747500e-01 3.102697e-01 2.760749e-01 3.616354e-01 3.576659e-01 3.928258e-01 3.649187e-01 3.446672e-01 3.170919e-01 3.102895e-01 3.129873e-01 2.104293e-01
<GCONST> 1.134824e+02
<STATE> 4
<MEAN> 39
 7.018546e-01 -6.698760e+00 1.233854e+00 -5.708024e+00 -4.209921e+00 -2.959648e+00 1.477800e+00 -2.189413e+00 2.992396e+00 -2.032475e+00 -1.198663e-01 -4.266322e+00 6.507143e+01 1.399338e-02 -2.977338e-03 -7.766412e-03 -1.344698e-02 4.281123e-04 8.268910e-03 -2.250955e-03 -2.491281e-03 -2.158765e-04 4.623555e-03 -1.001982e-03 -6.668797e-03 1.355967e-02 8.123624e-04 -5.381404e-04 -3.747406e-04 1.323810e-04 -1.884671e-05 1.211395e-03 2.088037e-04 -5.855900e-04 -8.437122e-05 -1.746201e-04 -1.095228e-04 -4.633896e-04 4.176504e-04
<VARIANCE> 39
 5.832434e+01 5.385313e+01 7.538407e+01 3.923400e+01 6.126463e+01 3.828709e+01 4.099306e+01 3.508015e+01 3.844510e+01 2.351316e+01 2.704834e+01 3.380273e+01 6.200555e+01 1.898054e+00 1.890596e+00 2.065760e+00 1.739674e+00 2.202451e+00 2.127730e+00 2.186801e+00 2.059080e+00 1.912334e+00 1.644666e+00 1.685312e+00 1.780760e+00 1.680062e+00 2.465412e-01 2.775572e-01 3.121555e-01 2.782972e-01 3.640119e-01 3.617303e-01 3.915401e-01 3.658870e-01 3.450866e-01 3.158612e-01 3.113870e-01 3.141691e-01 2.136512e-01
<GCONST> 1.136949e+02
<TRANSP> 5
 0.000000e+00 1.000000e+00 0.000000e+00 0.000000e+00 0.000000e+00
 0.000000e+00 7.284387e-01 2.715613e-01 0.000000e+00 0.000000e+00
 0.000000e+00 0.000000e+00 7.284396e-01 2.715604e-01 0.000000e+00
 0.000000e+00 0.000000e+00 0.000000e+00 8.486711e-01 1.513289e-01
 0.000000e+00 0.000000e+00 0.000000e+00 0.000000e+00 0.000000e+00
<ENDHMM>
~h "c"
<BEGINHMM>
<NUMSTATES> 5
<STATE> 2
<MEAN> 39
 1.789055e-01 -7.644275e+00 -1.730214e+00 -6.373298e+00 -2.263138e+00 -1.745008e+00 2.958258e+00 -2.198150e+00 3.095427e+00 -1.907142e+00 -6.982221e-02 -4.622115e+00 6.463888e+01 -2.163991e-02 -1.657805e-02 -4.212073e-02 -9.180602e-03 2.246560e-02 -7.475761e-03 4.345310e-02 2.710794e-03 -1.565300e-03 1.959115e-02 -1.168409e-02 -5.676671e-03 9.777246e-04 -1.017326e-03 8.753869e-04 -2.475008e-04 1.198795e-03 1.556857e-05 -1.530339e-03 8.014962e-04 5.082692e-04 -5.620506e-04 8.406879e-04 -4.504314e-04 -2.872665e-04 -5.360897e-04
<VARIANCE> 39
 5.752002e+01 5.122196e+01 7.290816e+01 3.713197e+01 4.615446e+01 3.830497e+01 3.677008e+01 3.582586e+01 3.547980e+01 2.080601e+01 2.239732e+01 3.527281e+01 7.083911e+01 1.695595e+00 1.676425e+00 2.058348e+00 1.932646e+00 1.912172e+00 2.208380e+00 2.059015e+00 2.090896e+00 1.875637e+00 1.621156e+00 1.590766e+00 1.826352e+00 1.955986e+00 2.141129e-01 2.284295e-01 3.097786e-01 3.282452e-01 3.400772e-01 3.791779e-01 3.842552e-01 3.641840e-01 3.429793e-01 3.220935e-01 3.060591e-01 3.258452e-01 2.256740e-01
<GCONST> 1.126266e+02
<STATE> 3
<MEAN> 39
 9.842780e-02 -7.705268e+00 -1.900188e+00 -6.399475e+00 -2.179553e+00 -1.779051e+00 3.127063e+00 -2.189839e+00 3.087620e+00 -1.828994e+00 -1.167403e-01 -4.646172e+00 6.464108e+01 -2.594830e-02 -1.312869e-02 -4.251140e-02 -4.545196e-03 2.309895e-02 -1.298250e-02 4.622249e-02 4.820492e-03 -2.745370e-03 2.251217e-02 -1.291988e-02 -6.310823e-03 -1.225434e-03 -1.108034e-03 4.437966e-04 1.817974e-04 1.158781e-03 1.550795e-04 -1.514129e-03 6.278548e-04 7.162188e-04 -2.020739e-04 6.458426e-04 -1.366905e-04 -4.571191e-04 -2.552803e-04
<VARIANCE> 39
 5.822921e+01 5.050661e+01 7.180331e+01 3.715920e+01 4.585959e+01 3.863246e+01 3.635849e+01 3.585897e+01 3.533532e+01 2.098712e+01 2.264250e+01 3.555177e+01 7.035927e+01 1.708335e+00 1.676395e+00 2.029065e+00 1.932832e+00 1.897215e+00 2.219389e+00 2.063250e+00 2.089763e+00 1.860724e+00 1.628062e+00 1.599458e+00 1.839531e+00 1.954077e+00 2.125576e-01 2.292077e-01 3.049916e-01 3.276680e-01 3.388612e-01 3.815478e-01 3.861615e-01 3.628759e-01 3.402257e-01 3.241735e-01 3.079493e-01 3.289078e-01 2.256185e-01
<GCONST> 1.126148e+02
<STATE> 4
<MEAN> 39
 5.701089e-02 -7.829345e+00 -2.171813e+00 -6.461368e+00 -2.087312e+00 -1.818696e+00 3.364517e+00 -2.159898e+00 3.082738e+00 -1.711181e+00 -2.209063e-01 -4.732349e+00 6.472447e+01 -3.141398e-02 -9.960339e-03 -4.167556e-02 1.822009e-03 2.600239e-02 -1.803817e-02 4.932355e-02 7.947400e-03 -1.470522e-03 2.510394e-02 -1.390598e-02 -7.464349e-03 -2.958723e-03 -8.670108e-04 2.069902e-04 1.311900e-03 1.063712e-03 2.617365e-04 -8.994412e-04 9.097421e-06 6.818923e-04 2.934907e-04 3.549510e-04 1.321330e-04 -4.557272e-04 -5.383816e-05
<VARIANCE> 39
 5.936725e+01 5.008431e+01 6.887410e+01 3.729947e+01 4.454664e+01 3.930828e+01 3.579334e+01 3.597070e+01 3.513860e+01 2.125877e+01 2.326051e+01 3.626525e+01 6.970587e+01 1.752239e+00 1.690521e+00 1.984913e+00 1.943236e+00 1.870265e+00 2.257186e+00 2.065681e+00 2.092412e+00 1.840747e+00 1.650444e+00 1.620019e+00 1.877274e+00 1.964285e+00 2.149000e-01 2.327783e-01 2.986355e-01 3.277008e-01 3.350278e-01 3.888329e-01 3.870007e-01 3.630784e-01 3.352138e-01 3.297720e-01 3.107852e-01 3.358598e-01 2.275479e-01
<GCONST> 1.127283e+02
<TRANSP> 5
 0.000000e+00 1.000000e+00 0.000000e+00 0.000000e+00 0.000000e+00
 0.000000e+00 7.286453e-01 2.713546e-01 0.000000e+00 0.000000e+00
 0.000000e+00 0.000000e+00 7.286443e-01 2.713558e-01 0.000000e+00
 0.000000e+00 0.000000e+00 0.000000e+00 8.489076e-01 1.510924e-01
 0.000000e+00 0.000000e+00 0.000000e+00 0.000000e+00 0.000000e+00
<ENDHMM>
~h "d"
<BEGINHMM>
<NUMSTATES> 5
<STATE> 2
<MEAN> 39
 1.709040e+00 -5.599710e+00 9.884469e-01 -6.794322e+00 -5.010394e+00 -2.934225e+00 8.351029e-01 -3.048375e+00 2.899275e+00 -1.072658e+00 -1.666918e-01 -4.437175e+00 6.492693e+01 5.427165e-02 4.477263e-02 -4.303526e-03 -3.048665e-02 1.823637e-02 1.936409e-02 -3.973879e-02 -1.979794e-02 -9.221739e-03 -8.637513e-04 3.137731e-02 -2.962360e-03 -4.666887e-03 8.569588e-04 1.510264e-03 2.033357e-03 7.264087e-04 -7.358965e-04 -1.822154e-03 -1.393012e-03 -1.375113e-03 -5.840494e-04 -1.322933e-03 3.600986e-04 2.692193e-03 -1.154987e-04
<VARIANCE> 39
 5.221621e+01 4.489583e+01 6.898286e+01 4.184298e+01 5.674432e+01 3.528856e+01 3.989748e+01 3.270060e+01 4.324667e+01 2.249001e+01 3.174806e+01 2.734244e+01 5.720647e+01 1.549847e+00 1.854888e+00 1.924775e+00 1.852605e+00 2.134638e+00 1.914333e+00 2.322157e+00 1.904111e+00 1.877756e+00 1.769225e+00 1.831168e+00 1.636361e+00 1.584836e+00 2.050749e-01 2.825417e-01 2.799829e-01 2.727791e-01 3.447094e-01 3.276654e-01 4.125265e-01 3.465889e-01 3.354571e-01 3.408138e-01 3.353202e-01 2.962926e-01 2.098172e-01
<GCONST> 1.122680e+02
<STATE> 3
<MEAN> 39
 1.909392e+00 -5.423596e+00 9.871345e-01 -6.900199e+00 -4.953660e+00 -2.881373e+00 6.793149e-01 -3.128966e+00 2.855080e+00 -1.086392e+00 -5.973550e-02 -4.423334e+00 6.491432e+01 5.400699e-02 5.199927e-02 2.651022e-03 -2.670255e-02 1.396946e-02 1.252378e-02 -4.196427e-02 -2.171147e-02 -1.296268e-02 -6.623145e-03 2.745392e-02 6.116660e-03 -5.118340e-03 -7.135022e-04 1.989745e-03 2.097034e-03 1.444432e-03 -1.212804e-03 -1.815048e-03 -1.043957e-04 -3.706863e-04 -1.184675e-03 -1.501799e-03 -1.304513e-03 2.308335e-03 -5.011660e-04
<VARIANCE> 39
 5.090125e+01 4.520768e+01 6.800866e+01 4.316592e+01 5.629152e+01 3.536847e+01 3.961548e+01 3.258096e+01 4.370701e+01 2.275699e+01 3.184083e+01 2.680484e+01 5.674337e+01 1.496063e+00 1.858738e+00 1.920192e+00 1.887523e+00 2.164433e+00 1.938401e+00 2.327041e+00 1.922383e+00 1.873496e+00 1.802657e+00 1.838527e+00 1.610338e+00 1.602191e+00 1.988612e-01 2.834435e-01 2.781108e-01 2.715434e-01 3.497545e-01 3.300062e-01 4.122780e-01 3.507764e-01 3.336175e-01 3.477780e-01 3.362277e-01 2.908719e-01 2.119852e-01
<GCONST> 1.122869e+02
<STATE> 4
<MEAN> 39
 2.217723e+00 -5.122619e+00 1.024366e+00 -7.042423e+00 -4.905753e+00 -2.837152e+00 4.516619e-01 -3.264707e+00 2.719380e+00 -1.141939e+00 5.393840e-02 -4.376461e+00 6.491743e+01 4.664918e-02 6.105718e-02 1.219732e-02 -1.889510e-02 1.238723e-02 9.308533e-03 -3.865924e-02 -2.101750e-02 -1.736251e-02 -9.798463e-03 2.051463e-02 1.232068e-02 -8.211759e-03 -2.030347e-03 1.521865e-03 2.103724e-03 1.992615e-03 -3.831763e-04 -6.937848e-04 1.192548e-03 2.725740e-04 -7.009977e-04 -5.228472e-04 -1.132776e-03 9.794800e-04 -1.266691e-03
<VARIANCE> 39
 4.896627e+01 4.563901e+01 6.676202e+01 4.534402e+01 5.554586e+01 3.532397e+01 3.931541e+01 3.234631e+01 4.378199e+01 2.308825e+01 3.169914e+01 2.599626e+01 5.562645e+01 1.410664e+00 1.844972e+00 1.906047e+00 1.931955e+00 2.179305e+00 1.949277e+00 2.349525e+00 1.942462e+00 1.860331e+00 1.841848e+00 1.856883e+00 1.581628e+00 1.622103e+00 1.879617e-01 2.815608e-01 2.742354e-01 2.686467e-01 3.501732e-01 3.283322e-01 4.165709e-01 3.552199e-01 3.291902e-01 3.554427e-01 3.371252e-01 2.851705e-01 2.141793e-01
<GCONST> 1.121539e+02
<TRANSP> 5
 0.000000e+00 1.000000e+00 0.000000e+00 0.000000e+00 0.000000e+00
 0.000000e+00 7.289281e-01 2.710719e-01 0.000000e+00 0.000000e+00
 0.000000e+00 0.000000e+00 7.289283e-01 2.710717e-01 0.000000e+00
 0.000000e+00 0.000000e+00 0.000000e+00 8.491623e-01 1.508377e-01
 0.000000e+00 0.000000e+00 0.000000e+00 0.000000e+00 0.000000e+00
<ENDHMM>
~h "h"
<BEGINHMM>
<NUMSTATES> 5
<STATE> 2
<MEAN> 39
 6.589971e-01 -7.566959e+00 -1.122519e+00 -7.039682e+00 -1.783372e+00 -2.560647e+00 2.494363e+00 -1.477399e+00 2.913923e+00 -1.497146e+00 -2.027446e+00 -6.104019e+00 6.733551e+01 2.765338e-02 -2.351102e-02 -6.064969e-02 -1.261712e-02 4.580888e-02 3.736469e-02 5.836331e-02 -4.034656e-02 -2.295370e-03 1.963698e-02 -4.095740e-02 -4.414738e-02 3.874303e-02 2.334820e-03 -7.646339e-04 -2.469748e-03 -4.601038e-04 -4.445892e-04 8.231881e-04 1.727059e-03 -3.129167e-03 9.450852e-05 -1.054052e-03 1.217144e-03 4.494863e-04 -3.814945e-05
<VARIANCE> 39
 7.632247e+01 4.757653e+01 5.673116e+01 3.596042e+01 4.972392e+01 4.775048e+01 3.996194e+01 3.259058e+01 3.731053e+01 2.309810e+01 2.903885e+01 3.711444e+01 4.442981e+01 3.157090e+00 1.925930e+00 1.960988e+00 1.972646e+00 2.243565e+00 2.404292e+00 2.306272e+00 1.929207e+00 1.904352e+00 1.577029e+00 1.807961e+00 1.858929e+00 1.424653e+00 3.812279e-01 2.985506e-01 3.248960e-01 3.349014e-01 3.898667e-01 4.109718e-01 4.153195e-01 3.455238e-01 3.535765e-01 3.071765e-01 3.246402e-01 3.185021e-01 2.045805e-01
<GCONST> 1.147372e+02
<STATE> 3
<MEAN> 39
 7.737872e-01 -7.667659e+00 -1.361557e+00 -7.092297e+00 -1.616203e+00 -2.413113e+00 2.714580e+00 -1.640534e+00 2.903550e+00 -1.427324e+00 -2.175427e+00 -6.268754e+00 6.748725e+01 3.605409e-02 -2.617758e-02 -6.858926e-02 -1.366243e-02 4.327435e-02 4.029530e-02 6.319891e-02 -5.177900e-02 -1.998288e-03 1.547298e-02 -3.596155e-02 -4.207502e-02 3.807355e-02 1.267714e-03 -4.810497e-04 -1.579752e-03 -7.905536e-05 -1.189303e-03 4.281916e-04 6.462287e-04 -2.188659e-03 5.068267e-04 -1.277162e-03 1.647895e-03 1.082988e-03 -6.795599e-04
<VARIANCE> 39
 7.639546e+01 4.681894e+01 5.576249e+01 3.501815e+01 4.841373e+01 4.828052e+01 4.010548e+01 3.367664e+01 3.707008e+01 2.241394e+01 2.885485e+01 3.698551e+01 4.291774e+01 3.177918e+00 1.918456e+00 1.992215e+00 1.976404e+00 2.208232e+00 2.400685e+00 2.302366e+00 1.949828e+00 1.901705e+00 1.563866e+00 1.804368e+00 1.859780e+00 1.416906e+00 3.847657e-01 2.974540e-01 3.328523e-01 3.365047e-01 3.851926e-01 4.088597e-01 4.149534e-01 3.474788e-01 3.535082e-01 3.057400e-01 3.244110e-01 3.202790e-01 2.033168e-01
<GCONST> 1.146290e+02
<STATE> 4
<MEAN> 39
 9.956758e-01 -7.846050e+00 -1.709466e+00 -7.205880e+00 -1.450421e+00 -2.200428e+00 3.002831e+00 -1.890292e+00 2.864550e+00 -1.331674e+00 -2.374860e+00 -6.494389e+00 6.775370e+01 4.426539e-02 -2.881973e-02 -7.400090e-02 -1.197675e-02 3.713650e-02 4.522475e-02 6.166719e-02 -6.347473e-02 -1.073402e-03 9.218952e-03 -2.817283e-02 -3.766003e-02 3.390920e-02 2.051696e-04 2.444121e-04 -8.114438e-05 9.411349e-04 -1.919983e-03 2.513482e-04 -1.216433e-03 -8.925344e-04 9.225403e-04 -1.439480e-03 1.942212e-03 1.865555e-03 -2.098661e-03
<VARIANCE> 39
 7.649444e+01 4.610737e+01 5.505148e+01 3.365322e+01 4.691480e+01 4.901197e+01 4.024088e+01 3.540459e+01 3.672798e+01 2.161092e+01 2.841438e+01 3.680214e+01 4.025444e+01 3.194632e+00 1.906467e+00 2.047167e+00 1.986122e+00 2.167321e+00 2.396987e+00 2.300723e+00 1.980569e+00 1.902399e+00 1.544368e+00 1.794317e+00 1.875131e+00 1.417500e+00 3.869804e-01 2.950855e-01 3.447227e-01 3.394099e-01 3.791857e-01 4.052565e-01 4.149570e-01 3.519922e-01 3.537669e-01 3.025933e-01 3.231223e-01 3.247733e-01 2.025551e-01
<GCONST> 1.145122e+02
<TRANSP> 5
 0.000000e+00 1.000000e+00 0.000000e+00 0.000000e+00 0.000000e+00
 0.000000e+00 7.273947e-01 2.726053e-01 0.000000e+00 0.000000e+00
 0.000000e+00 0.000000e+00 7.273946e-01 2.726055e-01 0.000000e+00
 0.000000e+00 0.000000e+00 0.000000e+00 8.473844e-01 1.526156e-01
 0.000000e+00 0.000000e+00 0.000000e+00 0.000000e+00 0.000000e+00
<ENDHMM>
~h "k"
<BEGINHMM>
<NUMSTATES> 5
<STATE> 2
<MEAN> 39
 5.878795e-01 -7.013957e+00 4.407665e+00 -5.738231e+00 -8.068120e+00 -4.665627e+00 7.504458e-01 -2.760067e+00 1.255475e+00 -1.202421e+00 1.249896e+00 -4.075057e+00 6.494241e+01 -2.062440e-02 -1.290544e-02 6.394346e-02 -2.951527e-03 -5.341886e-02 -1.964395e-02 -3.897011e-02 -5.612644e-03 -9.019647e-03 3.563420e-02 1.821598e-02 -2.614442e-03 -5.583793e-03 5.386616e-04 1.182150e-03 -6.793492e-05 -9.548008e-04 1.268468e-03 7.333603e-04 -6.982925e-04 -2.438412e-05 1.814285e-03 1.077923e-03 3.371182e-04 2.077674e-04 3.621631e-04
<VARIANCE> 39
 4.388711e+01 5.063439e+01 1.051607e+02 3.345413e+01 8.788523e+01 3.757228e+01 4.393350e+01 3.306759e+01 4.669796e+01 2.490202e+01 3.169170e+01 3.043633e+01 6.304357e+01 1.353965e+00 2.009543e+00 2.788088e+00 1.667148e+00 2.704683e+00 1.890991e+00 2.283657e+00 1.992528e+00 2.061638e+00 1.744005e+00 1.754678e+00 1.831141e+00 1.960379e+00 1.851390e-01 3.133564e-01 4.031808e-01 2.824720e-01 3.948821e-01 3.305784e-01 3.993387e-01 3.639646e-01 3.650575e-01 3.440259e-01 3.204936e-01 3.269248e-01 2.598448e-01
<GCONST> 1.151489e+02
<STATE> 3
<MEAN> 39
 5.092251e-01 -7.057767e+00 4.654585e+00 -5.749142e+00 -8.265759e+00 -4.735520e+00 6.055137e-01 -2.779275e+00 1.225336e+00 -1.066149e+00 1.326294e+00 -4.078229e+00 6.491895e+01 -1.760107e-02 -8.251505e-03 6.349351e-02 -6.385751e-03 -4.704845e-02 -1.772761e-02 -4.069288e-02 -4.284306e-03 -4.759596e-03 3.830697e-02 1.907434e-02 -8.658551e-04 -4.629989e-03 1.008725e-03 1.205999e-03 -9.950460e-04 -5.267377e-04 2.702069e-03 2.278253e-04 4.373258e-06 5.762656e-04 1.156853e-03 3.983970e-04 -2.829585e-05 7.014788e-04 9.667793e-05
<VARIANCE> 39
 4.244740e+01 4.948408e+01 1.087288e+02 3.317740e+01 9.064944e+01 3.650357e+01 4.330841e+01 3.300576e+01 4.658463e+01 2.527166e+01 3.184340e+01 3.017925e+01 6.331931e+01 1.339962e+00 2.040059e+00 2.885798e+00 1.673156e+00 2.809101e+00 1.881970e+00 2.336017e+00 2.014271e+00 2.081663e+00 1.760487e+00 1.793317e+00 1.836884e+00 2.027921e+00 1.844254e-01 3.211510e-01 4.162892e-01 2.842128e-01 4.091314e-01 3.312436e-01 4.103242e-01 3.699566e-01 3.685439e-01 3.459056e-01 3.271786e-01 3.280389e-01 2.711062e-01
<GCONST> 1.155249e+02
<STATE> 4
<MEAN> 39
 4.722226e-01 -7.093193e+00 5.049343e+00 -5.807718e+00 -8.574669e+00 -4.861872e+00 3.694128e-01 -2.809402e+00 1.158653e+00 -8.478827e-01 1.442607e+00 -4.079886e+00 6.494040e+01 -1.409190e-02 -2.208423e-03 6.239386e-02 -6.500886e-03 -3.375277e-02 -1.806995e-02 -3.900611e-02 1.957105e-05 -4.122077e-03 3.791042e-02 1.997607e-02 5.634878e-03 -6.903674e-03 8.250590e-04 1.175054e-03 -2.033331e-03 3.921662e-04 4.262095e-03 -5.191547e-05 9.389099e-04 1.138936e-03 7.975241e-04 -6.094028e-04 -5.689875e-04 1.330893e-03 -7.582447e-04
<VARIANCE> 39
 4.009027e+01 4.786857e+01 1.139721e+02 3.273516e+01 9.435433e+01 3.540753e+01 4.262779e+01 3.309751e+01 4.705862e+01 2.572873e+01 3.165178e+01 2.968259e+01 6.320689e+01 1.309093e+00 2.101885e+00 3.024015e+00 1.683628e+00 2.984285e+00 1.873633e+00 2.395988e+00 2.040505e+00 2.121644e+00 1.762915e+00 1.838147e+00 1.837026e+00 2.135627e+00 1.809618e-01 3.358831e-01 4.341440e-01 2.864251e-01 4.340502e-01 3.333090e-01 4.219572e-01 3.757662e-01 3.759273e-01 3.441255e-01 3.353546e-01 3.270899e-01 2.885881e-01
<GCONST> 1.160027e+02
<TRANSP> 5
 0.000000e+00 1.000000e+00 0.000000e+00 0.000000e+00 0.000000e+00
 0.000000e+00 7.313973e-01 2.686027e-01 0.000000e+00 0.000000e+00
 0.000000e+00 0.000000e+00 7.313975e-01 2.686024e-01 0.000000e+00
 0.000000e+00 0.000000e+00 0.000000e+00 8.519872e-01 1.480127e-01
 0.000000e+00 0.000000e+00 0.000000e+00 0.000000e+00 0.000000e+00
<ENDHMM>
~h "n"
<BEGINHMM>
<NUMSTATES> 5
<STATE> 2
<MEAN> 39
 9.679165e-01 -5.272707e+00 2.874462e+00 -5.223155e+00 -5.125327e+00 -3.158037e+00 9.393072e-01 -2.849802e+00 2.626317e+00 -1.998959e+00 2.090655e-01 -3.748183e+00 6.450576e+01 9.861773e-03 2.498543e-02 2.983977e-02 1.715730e-03 -1.917638e-02 -5.640538e-03 -1.725364e-02 -8.462520e-03 -5.340809e-04 -1.346845e-02 -1.796286e-03 3.973306e-04 6.446380e-03 -1.985353e-04 -5.031805e-04 -2.899545e-04 -2.009932e-04 -4.084727e-04 -1.396187e-04 -1.421034e-04 3.510109e-04 6.625080e-04 -6.099865e-05 5.847013e-04 1.896786e-04 9.479311e-05
<VARIANCE> 39
 5.647329e+01 4.775564e+01 7.064016e+01 4.334679e+01 6.181822e+01 3.586931e+01 4.004937e+01 3.310112e+01 3.924636e+01 2.253757e+01 2.582545e+01 2.920494e+01 5.758833e+01 1.586490e+00 1.748165e+00 1.963417e+00 1.684402e+00 2.199514e+00 1.981711e+00 2.203680e+00 1.922625e+00 1.910263e+00 1.659164e+00 1.655066e+00 1.640281e+00 1.456241e+00 1.975418e-01 2.544413e-01 2.942157e-01 2.512639e-01 3.518551e-01 3.363552e-01 3.970928e-01 3.480024e-01 3.413651e-01 3.174125e-01 3.027894e-01 2.958411e-01 1.851017e-01
<GCONST> 1.115918e+02
<STATE> 3
<MEAN> 39
 1.007626e+00 -5.176645e+00 2.983837e+00 -5.220069e+00 -5.198901e+00 -3.178138e+00 8.732531e-01 -2.881114e+00 2.626915e+00 -2.047310e+00 2.062444e-01 -3.745641e+00 6.453027e+01 1.008631e-02 2.297800e-02 2.827778e-02 5.468568e-04 -2.096745e-02 -6.241632e-03 -1.769784e-02 -6.727769e-03 1.463350e-03 -1.337992e-02 4.689558e-04 8.285812e-04 7.378388e-03 4.115973e-04 -7.335606e-04 -5.925486e-04 -5.879392e-04 -6.780069e-04 -7.501752e-05 -2.149803e-04 5.326082e-04 4.621661e-04 7.843346e-05 6.083871e-04 -1.673074e-05 6.004076e-04
<VARIANCE> 39
 5.662150e+01 4.813417e+01 6.988708e+01 4.378914e+01 6.189952e+01 3.583437e+01 4.043101e+01 3.278066e+01 3.891313e+01 2.251777e+01 2.558242e+01 2.893616e+01 5.703722e+01 1.604657e+00 1.766477e+00 1.959612e+00 1.699456e+00 2.196536e+00 1.977309e+00 2.217817e+00 1.918864e+00 1.910380e+00 1.659220e+00 1.640280e+00 1.636618e+00 1.446983e+00 1.998134e-01 2.567414e-01 2.938386e-01 2.535781e-01 3.504824e-01 3.353548e-01 3.983710e-01 3.478943e-01 3.414867e-01 3.170066e-01 2.997043e-01 2.956287e-01 1.837486e-01
<GCONST> 1.115813e+02
<STATE> 4
<MEAN> 39
 1.145740e+00 -5.039081e+00 3.105375e+00 -5.287705e+00 -5.324065e+00 -3.182165e+00 7.351190e-01 -2.940099e+00 2.615800e+00 -2.105954e+00 2.012874e-01 -3.774154e+00 6.462289e+01 1.485784e-02 2.050858e-02 2.521821e-02 -4.084894e-03 -2.492286e-02 -5.904986e-03 -1.981335e-02 -4.278689e-03 2.101994e-03 -1.256504e-02 2.296185e-03 -9.092129e-04 1.138290e-02 1.088885e-03 -9.820466e-04 -8.872083e-04 -1.159553e-03 -8.883338e-04 1.486203e-04 -3.946452e-04 5.295530e-04 2.925954e-05 2.190994e-04 3.488384e-04 -4.661462e-04 1.080667e-03
<VARIANCE> 39
 5.652007e+01 4.863590e+01 6.916948e+01 4.480210e+01 6.209185e+01 3.582372e+01 4.106636e+01 3.239972e+01 3.830638e+01 2.256652e+01 2.539395e+01 2.867322e+01 5.631366e+01 1.622188e+00 1.809792e+00 1.966098e+00 1.731217e+00 2.208152e+00 1.975797e+00 2.241809e+00 1.920191e+00 1.911807e+00 1.665180e+00 1.624102e+00 1.640560e+00 1.455800e+00 2.025416e-01 2.630135e-01 2.941931e-01 2.573878e-01 3.508002e-01 3.341937e-01 4.000333e-01 3.488444e-01 3.416593e-01 3.171944e-01 2.961254e-01 2.962566e-01 1.844070e-01
<GCONST> 1.116950e+02
<TRANSP> 5
 0.000000e+00 1.000000e+00 0.000000e+00 0.000000e+00 0.000000e+00
 0.000000e+00 7.279021e-01 2.720979e-01 0.000000e+00 0.000000e+00
 0.000000e+00 0.000000e+00 7.279024e-01 2.720977e-01 0.000000e+00
 0.000000e+00 0.000000e+00 0.000000e+00 8.481046e-01 1.518954e-01
 0.000000e+00 0.000000e+00 0.000000e+00 0.000000e+00 0.000000e+00
<ENDHMM>
~h "o"
<BEGINHMM>
<NUMSTATES> 5
<STATE> 2
<MEAN> 39
 2.385160e+00 -4.801309e+00 1.110190e+00 -7.095140e+00 -4.819839e+00 -2.778510e+00 2.837791e-01 -3.346573e+00 2.680011e+00 -1.176392e+00 1.505771e-01 -4.299149e+00 6.483581e+01 3.430820e-02 6.769763e-02 2.354260e-02 -6.727432e-03 1.078987e-02 6.618092e-03 -2.963903e-02 -1.948746e-02 -1.860594e-02 -1.110015e-02 1.671980e-02 1.561281e-02 -1.788266e-02 -3.012552e-03 4.197059e-04 2.152695e-03 2.438542e-03 -3.109674e-05 -1.861777e-04 1.986027e-03 2.790864e-04 2.222543e-06 4.770130e-04 -5.097465e-04 3.940988e-04 -1.717308e-03
<VARIANCE> 39
 4.755971e+01 4.550752e+01 6.585246e+01 4.727234e+01 5.503925e+01 3.501176e+01 3.937873e+01 3.203673e+01 4.340836e+01 2.326800e+01 3.131896e+01 2.526229e+01 5.478427e+01 1.349774e+00 1.812731e+00 1.888957e+00 1.965063e+00 2.181088e+00 1.969409e+00 2.379452e+00 1.946507e+00 1.852047e+00 1.876894e+00 1.866889e+00 1.567480e+00 1.612167e+00 1.795811e-01 2.761751e-01 2.717866e-01 2.665334e-01 3.497649e-01 3.314734e-01 4.243615e-01 3.560599e-01 3.270321e-01 3.623620e-01 3.379150e-01 2.828375e-01 2.124274e-01
<GCONST> 1.119898e+02
<STATE> 3
<MEAN> 39
 2.495747e+00 -4.547640e+00 1.207987e+00 -7.106351e+00 -4.775967e+00 -2.748574e+00 1.872516e-01 -3.421974e+00 2.616772e+00 -1.207387e+00 2.097631e-01 -4.240303e+00 6.476282e+01 2.332801e-02 6.834276e-02 3.104549e-02 2.244331e-03 1.076256e-02 6.849030e-03 -2.187792e-02 -1.981549e-02 -1.719393e-02 -7.950139e-03 1.595207e-02 1.652471e-02 -2.438310e-02 -2.947543e-03 -4.822891e-04 1.761192e-03 2.167008e-03 6.613787e-06 2.230791e-04 1.915864e-03 -2.082219e-04 5.765062e-04 1.100398e-03 3.667583e-05 1.393829e-04 -1.430776e-03
<VARIANCE> 39
 4.656515e+01 4.513351e+01 6.505496e+01 4.870750e+01 5.478913e+01 3.463626e+01 3.958685e+01 3.189913e+01 4.290714e+01 2.344739e+01 3.102154e+01 2.468410e+01 5.395760e+01 1.306025e+00 1.787723e+00 1.869744e+00 1.980381e+00 2.165447e+00 1.977795e+00 2.399456e+00 1.945730e+00 1.840135e+00 1.897692e+00 1.872154e+00 1.562019e+00 1.599244e+00 1.732350e-01 2.720572e-01 2.690571e-01 2.645242e-01 3.459607e-01 3.332135e-01 4.293907e-01 3.552260e-01 3.239971e-01 3.660884e-01 3.370520e-01 2.823543e-01 2.102448e-01
<GCONST> 1.117849e+02
<STATE> 4
<MEAN> 39
 2.653799e+00 -4.187694e+00 1.363037e+00 -7.121292e+00 -4.727178e+00 -2.685302e+00 6.350684e-02 -3.590972e+00 2.505600e+00 -1.214346e+00 2.927643e-01 -4.170694e+00 6.468050e+01 1.211620e-02 6.577347e-02 3.710542e-02 8.355567e-03 9.404357e-03 9.745134e-03 -1.609822e-02 -2.513301e-02 -1.363179e-02 -6.535660e-04 1.697488e-02 1.588017e-02 -2.811585e-02 -2.050509e-03 -1.516479e-03 7.848134e-04 8.438301e-04 -4.778754e-04 4.735997e-04 8.274385e-04 -8.168867e-04 7.520365e-04 1.312626e-03 5.201208e-04 -2.271774e-04 -2.751244e-04
<VARIANCE> 39
 4.521343e+01 4.408415e+01 6.338659e+01 5.110280e+01 5.423075e+01 3.403366e+01 4.004405e+01 3.173720e+01 4.196187e+01 2.380783e+01 3.065415e+01 2.399736e+01 5.275957e+01 1.260637e+00 1.773720e+00 1.832527e+00 2.006181e+00 2.133831e+00 1.997959e+00 2.439113e+00 1.935480e+00 1.809972e+00 1.931008e+00 1.876022e+00 1.570088e+00 1.590985e+00 1.663511e-01 2.705327e-01 2.638507e-01 2.627212e-01 3.391830e-01 3.388843e-01 4.384155e-01 3.517061e-01 3.166493e-01 3.712656e-01 3.347482e-01 2.843745e-01 2.080595e-01
<GCONST> 1.115383e+02
<TRANSP> 5
 0.000000e+00 1.000000e+00 0.000000e+00 0.000000e+00 0.000000e+00
 0.000000e+00 7.289230e-01 2.710771e-01 0.000000e+00 0.000000e+00
 0.000000e+00 0.000000e+00 7.289224e-01 2.710776e-01 0.000000e+00
 0.000000e+00 0.000000e+00 0.000000e+00 8.491507e-01 1.508493e-01
 0.000000e+00 0.000000e+00 0.000000e+00 0.000000e+00 0.000000e+00
<ENDHMM>
~h "p"
<BEGINHMM>
<NUMSTATES> 5
<STATE> 2
<MEAN> 39
 4.132676e-01 -6.943232e+00 -3.983412e-01 -5.828881e+00 -2.905910e+00 -1.900213e+00 2.044707e+00 -2.167406e+00 2.874824e+00 -2.087822e+00 8.147945e-02 -4.382915e+00 6.426416e+01 1.081803e-02 -1.767449e-02 -4.888334e-02 -2.377249e-02 2.122548e-02 8.468786e-03 1.625778e-02 -9.925488e-03 3.180981e-03 -2.889951e-03 -1.176192e-03 -5.444386e-04 1.501852e-02 -2.805904e-03 3.698344e-04 -1.994213e-05 3.367453e-04 2.447166e-06 -6.866551e-05 1.134893e-03 -5.686972e-04 1.324654e-03 1.635887e-03 2.660978e-04 4.547304e-04 -4.309613e-04
<VARIANCE> 39
 5.717691e+01 5.580311e+01 6.976963e+01 3.959037e+01 4.753578e+01 3.539978e+01 3.707791e+01 3.331368e+01 3.308425e+01 2.004995e+01 2.338561e+01 3.400314e+01 7.447152e+01 1.774730e+00 1.640027e+00 1.978360e+00 1.810600e+00 1.960432e+00 2.108393e+00 2.079783e+00 2.045158e+00 1.961043e+00 1.577270e+00 1.605847e+00 1.783478e+00 1.706223e+00 2.492840e-01 2.157327e-01 3.070437e-01 3.001330e-01 3.394307e-01 3.632568e-01 3.872062e-01 3.800090e-01 3.639691e-01 3.086425e-01 3.101414e-01 3.196428e-01 1.966972e-01
<GCONST> 1.121889e+02
<STATE> 3
<MEAN> 39
 4.445488e-01 -7.016618e+00 -5.876758e-01 -5.914067e+00 -2.831400e+00 -1.864996e+00 2.110639e+00 -2.196653e+00 2.907299e+00 -2.087951e+00 7.238266e-02 -4.399641e+00 6.432635e+01 1.464340e-03 -1.857334e-02 -4.895619e-02 -2.265725e-02 2.133843e-02 8.739441e-03 1.922308e-02 -9.531262e-03 9.553653e-03 1.873723e-03 -8.321847e-04 -2.637944e-03 1.383769e-02 -2.319432e-03 -4.027926e-04 3.385888e-04 2.011061e-04 -7.037268e-05 -2.004956e-04 4.973917e-04 2.883780e-04 1.584881e-03 1.184506e-03 -1.525448e-05 -5.866178e-04 -2.419100e-04
<VARIANCE> 39
 5.682314e+01 5.558206e+01 7.053469e+01 3.893318e+01 4.693776e+01 3.573022e+01 3.702677e+01 3.352118e+01 3.349293e+01 1.999700e+01 2.320363e+01 3.427701e+01 7.451839e+01 1.754801e+00 1.649034e+00 2.001689e+00 1.836954e+00 1.953478e+00 2.122914e+00 2.053676e+00 2.029199e+00 1.953155e+00 1.579072e+00 1.603340e+00 1.775934e+00 1.752858e+00 2.442517e-01 2.172424e-01 3.096938e-01 3.065978e-01 3.384690e-01 3.639997e-01 3.813863e-01 3.736115e-01 3.615250e-01 3.093119e-01 3.088623e-01 3.165666e-01 2.016922e-01
<GCONST> 1.121966e+02
<STATE> 4
<MEAN> 39
 5.019575e-01 -7.157288e+00 -8.044915e-01 -6.083790e+00 -2.755570e+00 -1.796249e+00 2.183877e+00 -2.210471e+00 2.983094e+00 -2.075007e+00 4.198946e-02 -4.456553e+00 6.446676e+01 -5.834004e-03 -2.478252e-02 -4.823766e-02 -2.218542e-02 2.332625e-02 9.111858e-03 2.658543e-02 -3.233704e-03 1.334357e-02 2.728246e-03 -2.369841e-03 -8.049957e-03 1.539811e-02 -1.546980e-03 -6.455641e-04 7.887687e-04 1.299949e-04 2.914032e-04 -2.321198e-04 1.110871e-03 9.260906e-04 2.693257e-04 4.246403e-04 -1.811248e-04 -3.611391e-04 -1.915287e-04
<VARIANCE> 39
 5.631665e+01 5.536819e+01 7.196420e+01 3.840247e+01 4.675534e+01 3.658980e+01 3.728053e+01 3.395528e+01 3.439701e+01 2.009073e+01 2.280564e+01 3.453331e+01 7.406982e+01 1.731075e+00 1.670927e+00 2.039550e+00 1.887874e+00 1.955647e+00 2.165391e+00 2.039839e+00 2.035192e+00 1.949364e+00 1.598812e+00 1.592593e+00 1.781593e+00 1.826904e+00 2.371994e-01 2.213922e-01 3.134459e-01 3.171059e-01 3.392675e-01 3.693778e-01 3.782044e-01 3.699293e-01 3.581379e-01 3.141910e-01 3.058444e-01 3.157161e-01 2.103517e-01
<GCONST> 1.124261e+02
<TRANSP> 5
 0.000000e+00 1.000000e+00 0.000000e+00 0.000000e+00 0.000000e+00
 0.000000e+00 7.286585e-01 2.713414e-01 0.000000e+00 0.000000e+00
 0.000000e+00 0.000000e+00 7.286587e-01 2.713413e-01 0.000000e+00
 0.000000e+00 0.000000e+00 0.000000e+00 8.489357e-01 1.510644e-01
 0.000000e+00 0.000000e+00 0.000000e+00 0.000000e+00 0.000000e+00
<ENDHMM>
~h "r"
<BEGINHMM>
<NUMSTATES> 5
<STATE> 2
<MEAN> 39
 5.789472e-01 -8.684528e+00 3.706938e-01 -5.956553e+00 -3.815350e+00 -2.475520e+00 8.897380e-01 -8.591039e-01 4.406138e+00 -2.955362e+00 -1.095129e+00 -5.213638e+00 6.603785e+01 1.444759e-02 -4.330307e-02 -3.057720e-02 -1.203336e-02 1.922559e-02 1.407745e-02 -2.761209e-03 9.150244e-03 3.128757e-02 -1.826435e-02 -3.022266e-02 -1.827146e-02 3.014018e-02 5.023293e-04 3.638492e-03 4.271813e-04 4.754391e-04 1.893100e-04 2.798566e-05 1.755897e-03 -1.566435e-03 -1.584434e-04 1.178688e-03 4.674433e-04 1.513325e-03 -2.024081e-03
<VARIANCE> 39
 6.210045e+01 6.397400e+01 7.403075e+01 3.003013e+01 4.760772e+01 3.104685e+01 3.305388e+01 3.451553e+01 3.305542e+01 2.464747e+01 2.601400e+01 4.232945e+01 7.024680e+01 2.905842e+00 1.676337e+00 2.388971e+00 1.532613e+00 2.205874e+00 2.182317e+00 2.125193e+00 2.006003e+00 1.750772e+00 1.536790e+00 1.659881e+00 1.665769e+00 1.564701e+00 4.680917e-01 2.229130e-01 3.579048e-01 2.648187e-01 3.887042e-01 3.993296e-01 3.857419e-01 3.532861e-01 3.107826e-01 2.908104e-01 3.049616e-01 2.730707e-01 1.694081e-01
<GCONST> 1.131883e+02
<STATE> 3
<MEAN> 39
 6.437981e-01 -8.830605e+00 2.512297e-01 -5.996219e+00 -3.743595e+00 -2.425160e+00 8.912738e-01 -8.278599e-01 4.518225e+00 -3.017521e+00 -1.206851e+00 -5.273914e+00 6.614587e+01 1.538006e-02 -2.940416e-02 -2.857298e-02 -8.824704e-03 1.965245e-02 1.353535e-02 4.572790e-03 3.960372e-03 3.057187e-02 -1.308121e-02 -2.805231e-02 -1.179815e-02 2.155568e-02 1.227898e-04 3.593050e-03 3.174337e-04 7.297205e-04 -3.479738e-04 -3.396938e-05 1.686032e-03 -1.369932e-03 -5.889212e-05 1.183760e-03 8.876590e-04 1.822939e-03 -2.000169e-03
<VARIANCE> 39
 6.253771e+01 6.362929e+01 7.399583e+01 2.955165e+01 4.687869e+01 3.096228e+01 3.349538e+01 3.445760e+01 3.329062e+01 2.440085e+01 2.639769e+01 4.216543e+01 7.055379e+01 2.920707e+00 1.660956e+00 2.381199e+00 1.509563e+00 2.181633e+00 2.172922e+00 2.119045e+00 2.004097e+00 1.758878e+00 1.533995e+00 1.647665e+00 1.664529e+00 1.555172e+00 4.724225e-01 2.189165e-01 3.544689e-01 2.623098e-01 3.850340e-01 3.961960e-01 3.829909e-01 3.525042e-01 3.127261e-01 2.924581e-01 3.016264e-01 2.734415e-01 1.674586e-01
<GCONST> 1.130617e+02
<STATE> 4
<MEAN> 39
 8.197853e-01 -9.025849e+00 1.745880e-02 -6.089364e+00 -3.649349e+00 -2.353171e+00 8.990946e-01 -8.009007e-01 4.676861e+00 -3.075147e+00 -1.371504e+00 -5.354713e+00 6.635248e+01 1.533206e-02 -1.349064e-02 -2.743164e-02 -1.951276e-03 1.878336e-02 1.092542e-02 1.299687e-02 -7.124012e-05 2.921918e-02 -7.140376e-03 -2.393198e-02 -1.258034e-03 1.125248e-02 -5.694843e-04 2.897059e-03 5.280953e-04 1.095460e-03 -6.575875e-04 -2.063771e-04 7.285165e-04 -8.395952e-04 -1.353988e-04 7.004438e-04 1.430679e-03 2.275090e-03 -1.849922e-03
<VARIANCE> 39
 6.296470e+01 6.381331e+01 7.266289e+01 2.909389e+01 4.482948e+01 3.122962e+01 3.414386e+01 3.430114e+01 3.365123e+01 2.386963e+01 2.703915e+01 4.183792e+01 7.139841e+01 2.926052e+00 1.641323e+00 2.333020e+00 1.490540e+00 2.137727e+00 2.183307e+00 2.107913e+00 1.998028e+00 1.775462e+00 1.528305e+00 1.636570e+00 1.659272e+00 1.552678e+00 4.761522e-01 2.138353e-01 3.439597e-01 2.603695e-01 3.785976e-01 3.941864e-01 3.792459e-01 3.508855e-01 3.149208e-01 2.938122e-01 2.984676e-01 2.735018e-01 1.658639e-01
<GCONST> 1.128623e+02
<TRANSP> 5
 0.000000e+00 1.000000e+00 0.000000e+00 0.000000e+00 0.000000e+00
 0.000000e+00 7.249087e-01 2.750913e-01 0.000000e+00 0.000000e+00
 0.000000e+00 0.000000e+00 7.249081e-01 2.750919e-01 0.000000e+00
 0.000000e+00 0.000000e+00 0.000000e+00 8.445799e-01 1.554200e-01
 0.000000e+00 0.000000e+00 0.000000e+00 0.000000e+00 0.000000e+00
<ENDHMM>
~h "s"
<BEGINHMM>
<NUMSTATES> 5
<STATE> 2
<MEAN> 39
 1.560394e-01 -7.031494e+00 3.007090e-02 -6.021088e+00 -2.717488e+00 -2.968074e+00 1.806135e+00 -1.793020e+00 3.105160e+00 -1.977697e+00 -4.920576e-01 -4.763250e+00 6.560542e+01 1.208672e-03 -1.136437e-02 -1.721956e-02 -2.328607e-02 1.854255e-02 5.468252e-03 3.613479e-03 -1.435152e-04 6.378739e-03 1.648110e-02 -1.919442e-02 -1.643387e-02 2.551469e-02 -6.175738e-05 -5.695020e-04 -1.040685e-03 -3.873642e-04 9.469637e-04 9.338446e-04 -6.646389e-05 7.208273e-04 1.187244e-03 9.079099e-04 -1.375769e-03 -6.142154e-04 -3.380795e-04
<VARIANCE> 39
 6.605119e+01 5.190269e+01 6.784004e+01 4.335628e+01 5.554499e+01 4.000881e+01 4.107303e+01 3.278000e+01 3.572563e+01 2.409213e+01 2.794244e+01 3.672510e+01 5.929757e+01 2.306684e+00 1.883472e+00 1.866782e+00 1.777988e+00 2.147458e+00 2.224251e+00 2.159053e+00 1.910938e+00 1.835321e+00 1.637748e+00 1.657095e+00 1.891541e+00 1.593770e+00 2.792803e-01 2.829088e-01 2.908095e-01 2.881531e-01 3.731030e-01 3.786912e-01 3.867512e-01 3.445022e-01 3.375143e-01 3.173493e-01 3.053498e-01 3.307284e-01 2.109461e-01
<GCONST> 1.137748e+02
<STATE> 3
<MEAN> 39
 1.616042e-01 -7.067240e+00 -3.907239e-02 -6.107678e+00 -2.647391e+00 -2.946302e+00 1.818182e+00 -1.788258e+00 3.134759e+00 -1.914585e+00 -5.694447e-01 -4.821948e+00 6.569505e+01 1.114630e-04 -1.081064e-02 -2.274770e-02 -2.223836e-02 2.206528e-02 8.058841e-03 4.491190e-03 2.409314e-03 9.029534e-03 1.723949e-02 -2.263059e-02 -1.642031e-02 2.407627e-02 -4.340701e-04 2.232120e-04 -1.654882e-03 4.237146e-04 1.164160e-03 6.506285e-04 4.807694e-04 6.829444e-04 5.731745e-04 1.166238e-04 -8.594294e-04 1.306081e-04 -3.960764e-04
<VARIANCE> 39
 6.658342e+01 5.173277e+01 6.698392e+01 4.321494e+01 5.509407e+01 4.006440e+01 4.109395e+01 3.289382e+01 3.545533e+01 2.428935e+01 2.821157e+01 3.680961e+01 5.860243e+01 2.362345e+00 1.897234e+00 1.863287e+00 1.798785e+00 2.170918e+00 2.235213e+00 2.166787e+00 1.927588e+00 1.833528e+00 1.644239e+00 1.669780e+00 1.890146e+00 1.585921e+00 2.857715e-01 2.860582e-01 2.913837e-01 2.925155e-01 3.783106e-01 3.810005e-01 3.881156e-01 3.468655e-01 3.369710e-01 3.188808e-01 3.075534e-01 3.295235e-01 2.108376e-01
<GCONST> 1.139229e+02
<STATE> 4
<MEAN> 39
 1.916780e-01 -7.108699e+00 -1.617066e-01 -6.251964e+00 -2.551257e+00 -2.899164e+00 1.829561e+00 -1.780401e+00 3.173212e+00 -1.810342e+00 -6.922753e-01 -4.909053e+00 6.585306e+01 -2.771969e-03 -8.596323e-03 -3.243429e-02 -1.869998e-02 2.872970e-02 1.175738e-02 9.526348e-03 4.997724e-03 1.294530e-02 1.738177e-02 -2.570000e-02 -1.460879e-02 2.197101e-02 -7.059288e-04 9.415767e-05 -1.970135e-03 7.793698e-04 1.646966e-03 7.353771e-04 1.211105e-03 2.804607e-04 4.526893e-04 -5.255453e-05 -6.920332e-04 2.020646e-04 -3.602777e-04
<VARIANCE> 39
 6.766777e+01 5.155290e+01 6.585867e+01 4.280963e+01 5.426478e+01 4.070114e+01 4.098226e+01 3.294016e+01 3.525538e+01 2.442299e+01 2.862634e+01 3.723881e+01 5.746606e+01 2.443933e+00 1.911844e+00 1.865823e+00 1.831099e+00 2.195428e+00 2.260525e+00 2.175074e+00 1.940482e+00 1.840153e+00 1.653589e+00 1.688758e+00 1.891567e+00 1.576338e+00 2.947911e-01 2.894872e-01 2.932189e-01 2.995218e-01 3.829535e-01 3.851215e-01 3.890200e-01 3.485668e-01 3.388211e-01 3.205503e-01 3.101542e-01 3.275828e-01 2.111701e-01
<GCONST> 1.141418e+02
<TRANSP> 5
 0.000000e+00 1.000000e+00 0.000000e+00 0.000000e+00 0.000000e+00
 0.000000e+00 7.276097e-01 2.723903e-01 0.000000e+00 0.000000e+00
 0.000000e+00 0.000000e+00 7.276105e-01 2.723896e-01 0.000000e+00
 0.000000e+00 0.000000e+00 0.000000e+00 8.476867e-01 1.523133e-01
 0.000000e+00 0.000000e+00 0.000000e+00 0.000000e+00 0.000000e+00
<ENDHMM>
~h "t"
<BEGINHMM>
<NUMSTATES> 5
<STATE> 2
<MEAN> 39
 -1.951050e-01 -6.073198e+00 1.083643e+00 -5.385773e+00 -3.243614e+00 -2.743846e+00 1.871657e+00 -2.413047e+00 3.315763e+00 -1.498522e+00 -2.470532e-01 -4.158636e+00 6.433731e+01 -1.747257e-02 2.438884e-02 1.158097e-02 1.791335e-02 1.719041e-02 3.366734e-03 1.682469e-02 -7.049863e-03 -7.022253e-03 9.460356e-03 -6.416500e-03 1.622955e-02 -1.307624e-02 -5.046119e-04 -3.904070e-04 9.808958e-04 8.211577e-04 -6.022332e-04 -7.830166e-04 1.797255e-04 -1.051357e-03 -1.449000e-03 -5.081662e-04 8.550506e-04 1.212172e-03 -5.347919e-04
<VARIANCE> 39
 6.050273e+01 4.782322e+01 7.572089e+01 3.858283e+01 5.644585e+01 3.501086e+01 3.921444e+01 3.294608e+01 3.506465e+01 2.277906e+01 2.697276e+01 3.597171e+01 6.103167e+01 1.828311e+00 1.758520e+00 1.964638e+00 1.539415e+00 2.221102e+00 2.076865e+00 2.168435e+00 2.028754e+00 1.871641e+00 1.683303e+00 1.645648e+00 1.820367e+00 1.563008e+00 2.217282e-01 2.642260e-01 2.896246e-01 2.424844e-01 3.726995e-01 3.587700e-01 4.015183e-01 3.718573e-01 3.407331e-01 3.256294e-01 3.020246e-01 3.189881e-01 2.025649e-01
<GCONST> 1.124861e+02
<STATE> 3
<MEAN> 39
 -2.669086e-01 -5.990023e+00 1.127235e+00 -5.320481e+00 -3.187577e+00 -2.739040e+00 1.935598e+00 -2.437428e+00 3.284795e+00 -1.472500e+00 -2.680281e-01 -4.095631e+00 6.428674e+01 -1.947430e-02 2.196529e-02 1.270938e-02 1.782216e-02 1.339609e-02 1.582973e-03 1.659650e-02 -9.113040e-03 -9.962249e-03 6.655997e-03 -3.929066e-03 1.799715e-02 -1.385380e-02 -1.417494e-04 -9.263422e-04 -5.572037e-05 -3.136860e-04 -1.352748e-03 -4.306535e-04 -3.708847e-04 -6.090911e-04 -3.796265e-04 -8.099062e-04 4.752632e-04 8.500027e-05 -8.658261e-05
<VARIANCE> 39
 6.114220e+01 4.755040e+01 7.537560e+01 3.815962e+01 5.676354e+01 3.492445e+01 3.887197e+01 3.283718e+01 3.502083e+01 2.236256e+01 2.683835e+01 3.609313e+01 6.034730e+01 1.836855e+00 1.730417e+00 1.952846e+00 1.512314e+00 2.230966e+00 2.072359e+00 2.167934e+00 2.016296e+00 1.861777e+00 1.688137e+00 1.650195e+00 1.814170e+00 1.545738e+00 2.208052e-01 2.598618e-01 2.874062e-01 2.373034e-01 3.723423e-01 3.576811e-01 4.015802e-01 3.697301e-01 3.385639e-01 3.261553e-01 3.021641e-01 3.177445e-01 2.005444e-01
<GCONST> 1.123023e+02
<STATE> 4
<MEAN> 39
 -3.463657e-01 -5.947822e+00 1.161766e+00 -5.269708e+00 -3.157370e+00 -2.756013e+00 2.007744e+00 -2.465008e+00 3.236258e+00 -1.442077e+00 -3.146542e-01 -4.045665e+00 6.426699e+01 -1.988190e-02 1.644955e-02 1.036485e-02 1.450254e-02 6.919476e-03 -1.010065e-03 1.342961e-02 -9.290572e-03 -7.425534e-03 2.067287e-03 -3.753770e-03 1.499222e-02 -1.240523e-02 6.180669e-04 -1.137275e-03 -5.852780e-04 -7.507332e-04 -1.499477e-03 -2.419390e-04 -8.844298e-04 -4.008871e-04 6.627072e-04 -8.185167e-04 6.992696e-05 -7.020663e-04 2.069210e-04
<VARIANCE> 39
 6.198397e+01 4.767268e+01 7.589701e+01 3.718232e+01 5.769751e+01 3.493338e+01 3.843067e+01 3.292567e+01 3.514472e+01 2.181754e+01 2.683019e+01 3.642702e+01 5.927031e+01 1.862921e+00 1.695744e+00 1.945043e+00 1.487724e+00 2.242958e+00 2.064545e+00 2.161673e+00 2.001763e+00 1.846119e+00 1.688614e+00 1.655380e+00 1.824174e+00 1.536573e+00 2.213653e-01 2.541914e-01 2.859786e-01 2.337700e-01 3.718626e-01 3.559187e-01 3.993407e-01 3.664729e-01 3.344085e-01 3.256857e-01 3.029317e-01 3.195734e-01 1.995743e-01
<GCONST> 1.121660e+02
<TRANSP> 5
 0.000000e+00 1.000000e+00 0.000000e+00 0.000000e+00 0.000000e+00
 0.000000e+00 7.280204e-01 2.719796e-01 0.000000e+00 0.000000e+00
 0.000000e+00 0.000000e+00 7.280210e-01 2.719790e-01 0.000000e+00
 0.000000e+00 0.000000e+00 0.000000e+00 8.481694e-01 1.518306e-01
 0.000000e+00 0.000000e+00 0.000000e+00 0.000000e+00 0.000000e+00
<ENDHMM>
~h "y"
<BEGINHMM>
<NUMSTATES> 5
<STATE> 2
<MEAN> 39
 2.935490e-01 -7.019443e+00 4.694411e+00 -3.459356e+00 -7.611092e+00 -4.925280e+00 9.553143e-01 -1.458255e+00 3.642680e+00 -3.469018e+00 1.484570e-02 -3.487206e+00 6.681738e+01 2.929570e-02 1.689093e-02 4.405094e-02 3.503786e-02 -6.409087e-02 -4.288852e-02 -4.928320e-03 2.583051e-02 1.348161e-02 -2.107188e-02 -1.323794e-02 -5.301505e-04 2.970633e-02 3.864164e-03 1.023145e-03 -2.754665e-03 -2.428245e-03 1.428422e-03 1.945780e-03 4.575673e-04 2.859992e-04 -1.840943e-03 1.418351e-03 -1.954893e-04 -1.040777e-03 -1.102085e-03
<VARIANCE> 39
 8.058772e+01 5.646801e+01 6.473905e+01 3.082413e+01 5.529198e+01 3.525883e+01 3.459735e+01 3.269955e+01 4.367690e+01 2.303034e+01 2.128183e+01 2.576508e+01 4.187747e+01 2.800925e+00 2.297511e+00 2.205999e+00 1.563117e+00 2.295865e+00 1.867104e+00 2.143663e+00 1.993164e+00 2.197104e+00 1.596230e+00 1.536188e+00 1.415043e+00 1.253598e+00 3.180258e-01 3.163502e-01 3.494683e-01 2.608771e-01 3.695047e-01 3.120317e-01 3.937792e-01 3.553165e-01 4.015613e-01 3.074717e-01 2.810429e-01 2.590135e-01 1.708406e-01
<GCONST> 1.122278e+02
<STATE> 3
<MEAN> 39
 4.327796e-01 -6.951569e+00 4.835233e+00 -3.349346e+00 -7.837818e+00 -5.066470e+00 9.416110e-01 -1.362489e+00 3.675049e+00 -3.532521e+00 -3.846374e-02 -3.498019e+00 6.691985e+01 4.308871e-02 2.079276e-02 3.301291e-02 2.471779e-02 -5.777597e-02 -3.478003e-02 -3.778701e-03 2.595421e-02 6.055089e-03 -1.492499e-02 -1.319194e-02 -4.765508e-03 2.472103e-02 3.352003e-03 1.401342e-03 -3.010041e-03 -3.387963e-03 2.098570e-03 2.632173e-03 2.583678e-04 -4.679099e-04 -2.473742e-03 2.079994e-03 4.820134e-04 -9.853456e-04 -1.712835e-03
<VARIANCE> 39
 8.087617e+01 5.659005e+01 6.348363e+01 3.008366e+01 5.513498e+01 3.385965e+01 3.444141e+01 3.190806e+01 4.335699e+01 2.276085e+01 2.093591e+01 2.524169e+01 4.071540e+01 2.833632e+00 2.353543e+00 2.251438e+00 1.576494e+00 2.345664e+00 1.820651e+00 2.156725e+00 2.008462e+00 2.177663e+00 1.587653e+00 1.526584e+00 1.397569e+00 1.237716e+00 3.225601e-01 3.239615e-01 3.576334e-01 2.648236e-01 3.756914e-01 3.061236e-01 3.929770e-01 3.582124e-01 3.991980e-01 3.046605e-01 2.787912e-01 2.564602e-01 1.684200e-01
<GCONST> 1.120943e+02
<STATE> 4
<MEAN> 39
 7.301016e-01 -6.841677e+00 5.004107e+00 -3.276700e+00 -8.171824e+00 -5.215343e+00 8.994492e-01 -1.238815e+00 3.656260e+00 -3.576626e+00 -1.078956e-01 -3.534048e+00 6.706847e+01 5.903335e-02 2.636419e-02 1.746687e-02 5.883482e-03 -4.748537e-02 -2.053840e-02 -3.206777e-03 2.287791e-02 -6.502043e-03 -2.726163e-03 -1.026795e-02 -1.146459e-02 1.561435e-02 1.740662e-03 1.120563e-03 -2.640205e-03 -4.135913e-03 2.423000e-03 3.243947e-03 2.825339e-04 -1.075624e-03 -2.821201e-03 2.641758e-03 1.394665e-03 -8.659823e-04 -2.197274e-03
<VARIANCE> 39
 7.998734e+01 5.704801e+01 6.196017e+01 2.944057e+01 5.524207e+01 3.205003e+01 3.416171e+01 3.111176e+01 4.323753e+01 2.242738e+01 2.062115e+01 2.454263e+01 3.938052e+01 2.820621e+00 2.424401e+00 2.323034e+00 1.599742e+00 2.403818e+00 1.762851e+00 2.165197e+00 2.030274e+00 2.133775e+00 1.567863e+00 1.511393e+00 1.371633e+00 1.216310e+00 3.228771e-01 3.319304e-01 3.700525e-01 2.708686e-01 3.832999e-01 2.994458e-01 3.899223e-01 3.610989e-01 3.913921e-01 2.990305e-01 2.753064e-01 2.518421e-01 1.643709e-01
<GCONST> 1.118505e+02
<TRANSP> 5
 0.000000e+00 1.000000e+00 0.000000e+00 0.000000e+00 0.000000e+00
 0.000000e+00 7.207247e-01 2.792753e-01 0.000000e+00 0.000000e+00
 0.000000e+00 0.000000e+00 7.207254e-01 2.792746e-01 0.000000e+00
 0.000000e+00 0.000000e+00 0.000000e+00 8.396728e-01 1.603272e-01
 0.000000e+00 0.000000e+00 0.000000e+00 0.000000e+00 0.000000e+00
<ENDHMM>
~h "aa"
<BEGINHMM>
<NUMSTATES> 5
<STATE> 2
<MEAN> 39
 2.784153e-01 -7.674664e+00 -6.335816e-01 -5.819273e+00 -2.498306e+00 -2.115124e+00 2.341537e+00 -1.941862e+00 3.431175e+00 -2.096131e+00 -5.696343e-01 -4.781755e+00 6.507737e+01 8.468295e-03 -3.177008e-02 -4.729030e-02 -8.417221e-03 2.306245e-02 1.197724e-02 1.731027e-02 -2.186443e-03 1.940777e-02 -3.715031e-03 -8.306189e-03 -9.320880e-03 1.620193e-02 -1.064647e-03 6.998168e-04 9.821299e-04 1.199731e-03 4.700416e-04 1.201727e-04 -6.271044e-04 1.246042e-03 2.377665e-04 -6.738085e-04 -3.044391e-04 1.011075e-03 -1.246620e-03
<VARIANCE> 39
 6.086461e+01 5.527068e+01 6.341251e+01 3.772429e+01 4.613280e+01 3.884065e+01 3.800125e+01 3.650111e+01 3.380729e+01 2.261547e+01 2.586992e+01 3.819680e+01 6.654012e+01 2.118364e+00 1.748283e+00 1.946824e+00 1.722474e+00 1.975686e+00 2.200580e+00 2.062500e+00 2.070058e+00 1.846645e+00 1.578212e+00 1.626777e+00 1.831581e+00 1.610042e+00 2.831977e-01 2.545269e-01 3.081432e-01 2.881272e-01 3.477422e-01 3.736303e-01 3.779426e-01 3.637685e-01 3.363734e-01 3.072318e-01 3.054504e-01 3.256196e-01 2.021267e-01
<GCONST> 1.128620e+02
<STATE> 3
<MEAN> 39
 3.086535e-01 -7.790421e+00 -8.096633e-01 -5.841362e+00 -2.409544e+00 -2.065817e+00 2.403976e+00 -1.950322e+00 3.499000e+00 -2.120451e+00 -6.038825e-01 -4.812695e+00 6.513411e+01 3.812056e-03 -2.893225e-02 -4.424653e-02 -3.852140e-03 2.385647e-02 1.179247e-02 1.538088e-02 8.638396e-04 1.779513e-02 -7.589909e-03 -9.056057e-03 -4.766035e-03 1.089695e-02 -1.375450e-03 1.020733e-03 1.141853e-03 1.173677e-03 9.180891e-05 -1.783313e-04 -5.204672e-04 7.214886e-04 -6.506340e-04 -8.832570e-04 -1.245260e-04 1.229831e-03 -1.540539e-03
<VARIANCE> 39
 6.089361e+01 5.492400e+01 6.317207e+01 3.731543e+01 4.523526e+01 3.904883e+01 3.818179e+01 3.714495e+01 3.385400e+01 2.280828e+01 2.568253e+01 3.839567e+01 6.626368e+01 2.116922e+00 1.751109e+00 1.957462e+00 1.718319e+00 1.961579e+00 2.209204e+00 2.065217e+00 2.090211e+00 1.848591e+00 1.577924e+00 1.624274e+00 1.841922e+00 1.625809e+00 2.827720e-01 2.553753e-01 3.091998e-01 2.877586e-01 3.463246e-01 3.741474e-01 3.784689e-01 3.654210e-01 3.364880e-01 3.069674e-01 3.054504e-01 3.268461e-01 2.038327e-01
<GCONST> 1.128982e+02
<STATE> 4
<MEAN> 39
 3.733166e-01 -7.957601e+00 -1.038074e+00 -5.887033e+00 -2.306397e+00 -1.985584e+00 2.458969e+00 -1.957664e+00 3.565192e+00 -2.163922e+00 -6.625339e-01 -4.854811e+00 6.523267e+01 -1.569728e-03 -2.432761e-02 -4.146122e-02 8.626271e-04 2.367873e-02 8.841675e-03 1.497040e-02 4.207337e-03 1.393373e-02 -1.035893e-02 -8.842791e-03 3.819044e-04 4.218004e-03 -1.349056e-03 1.292035e-03 1.287590e-03 8.445468e-04 -2.748864e-04 -8.345670e-04 1.626130e-05 5.825358e-04 -8.958402e-04 -1.432739e-04 2.529786e-04 1.054566e-03 -1.487975e-03
<VARIANCE> 39
 6.110719e+01 5.472923e+01 6.269899e+01 3.673059e+01 4.406128e+01 3.956595e+01 3.847880e+01 3.793062e+01 3.389712e+01 2.306668e+01 2.550306e+01 3.872471e+01 6.566984e+01 2.116886e+00 1.754895e+00 1.958921e+00 1.707711e+00 1.940370e+00 2.224465e+00 2.070115e+00 2.118079e+00 1.852497e+00 1.583047e+00 1.627869e+00 1.859288e+00 1.647264e+00 2.820587e-01 2.558984e-01 3.082772e-01 2.862725e-01 3.434760e-01 3.746439e-01 3.794891e-01 3.682694e-01 3.368648e-01 3.076213e-01 3.068753e-01 3.289381e-01 2.064133e-01
<GCONST> 1.129556e+02
<TRANSP> 5
 0.000000e+00 1.000000e+00 0.000000e+00 0.000000e+00 0.000000e+00
 0.000000e+00 7.282742e-01 2.717259e-01 0.000000e+00 0.000000e+00
 0.000000e+00 0.000000e+00 7.282733e-01 2.717267e-01 0.000000e+00
 0.000000e+00 0.000000e+00 0.000000e+00 8.484743e-01 1.515257e-01
 0.000000e+00 0.000000e+00 0.000000e+00 0.000000e+00 0.000000e+00
<ENDHMM>
~h "cx"
<BEGINHMM>
<NUMSTATES> 5
<STATE> 2
<MEAN> 39
 3.855192e-01 -6.635431e+00 1.487430e+00 -5.577622e+00 -4.063837e+00 -2.754031e+00 1.188582e+00 -1.460225e+00 3.471928e+00 -2.377854e+00 -3.052779e-01 -4.393775e+00 6.465404e+01 -1.391313e-03 -8.195809e-02 -4.108227e-02 -5.994313e-03 4.962299e-03 4.522448e-03 -9.909233e-03 2.772759e-02 2.958354e-02 -1.133500e-02 -2.605293e-02 -3.097357e-02 4.692541e-02 -1.463823e-03 -1.021161e-03 1.436506e-03 -6.741433e-04 -5.258885e-04 2.408307e-04 -2.275433e-03 -1.382960e-03 -1.133376e-03 -2.357584e-03 5.625188e-05 9.493626e-04 5.110609e-05
<VARIANCE> 39
 5.778578e+01 6.576904e+01 6.597901e+01 3.631380e+01 4.759119e+01 2.944773e+01 3.468513e+01 3.103259e+01 3.195056e+01 2.220043e+01 2.500925e+01 3.913455e+01 7.046156e+01 2.313799e+00 1.682965e+00 2.076688e+00 1.680554e+00 2.027271e+00 2.099536e+00 2.051328e+00 1.947529e+00 1.679474e+00 1.583076e+00 1.700090e+00 1.585013e+00 1.440138e+00 3.480433e-01 2.306038e-01 3.144490e-01 2.764814e-01 3.437645e-01 3.796359e-01 3.714573e-01 3.496715e-01 2.956032e-01 2.941199e-01 3.202237e-01 2.758200e-01 1.647015e-01
<GCONST> 1.116952e+02
<STATE> 3
<MEAN> 39
 3.723232e-01 -6.937639e+00 1.351905e+00 -5.607666e+00 -4.053429e+00 -2.735315e+00 1.139303e+00 -1.365816e+00 3.581728e+00 -2.433176e+00 -3.963947e-01 -4.499843e+00 6.483283e+01 -4.017724e-03 -8.294088e-02 -3.783089e-02 -7.694918e-03 4.157667e-03 6.094525e-03 -1.240578e-02 2.673723e-02 3.033875e-02 -1.697875e-02 -2.516098e-02 -2.848814e-02 4.829467e-02 -5.940732e-04 1.684112e-04 1.204220e-03 -4.196887e-04 -2.610204e-04 4.085551e-04 -5.346650e-04 -1.021548e-04 3.926976e-04 -1.294026e-03 3.057580e-04 5.810290e-04 1.486846e-04
<VARIANCE> 39
 5.844067e+01 6.661190e+01 6.677746e+01 3.543264e+01 4.731849e+01 2.984416e+01 3.376246e+01 3.189082e+01 3.207637e+01 2.261372e+01 2.499911e+01 3.998026e+01 7.110402e+01 2.411054e+00 1.684415e+00 2.112934e+00 1.679929e+00 2.062315e+00 2.124452e+00 2.060433e+00 1.952257e+00 1.676512e+00 1.564764e+00 1.695437e+00 1.592931e+00 1.475127e+00 3.674907e-01 2.308967e-01 3.202191e-01 2.795495e-01 3.521567e-01 3.839787e-01 3.743813e-01 3.482836e-01 2.940636e-01 2.900648e-01 3.187922e-01 2.744809e-01 1.677554e-01
<GCONST> 1.119888e+02
<STATE> 4
<MEAN> 39
 3.793094e-01 -7.372475e+00 1.167013e+00 -5.706318e+00 -4.033828e+00 -2.683591e+00 1.041585e+00 -1.243040e+00 3.765305e+00 -2.510386e+00 -5.277686e-01 -4.660993e+00 6.511845e+01 2.790221e-04 -8.234965e-02 -4.013669e-02 -1.135205e-02 5.315024e-03 7.759882e-03 -1.084089e-02 2.642958e-02 3.528815e-02 -1.913316e-02 -2.651649e-02 -3.096670e-02 5.270950e-02 6.388717e-04 7.262545e-04 1.385177e-04 -4.504237e-04 4.085220e-04 3.672713e-04 1.961875e-04 -1.944852e-04 5.240007e-04 -4.178384e-04 -2.343891e-04 -9.377947e-05 -2.137474e-05
<VARIANCE> 39
 5.941313e+01 6.715893e+01 6.838121e+01 3.428387e+01 4.749580e+01 3.065554e+01 3.304094e+01 3.297390e+01 3.221107e+01 2.317630e+01 2.518814e+01 4.117391e+01 7.122591e+01 2.535451e+00 1.695597e+00 2.172214e+00 1.660434e+00 2.123879e+00 2.164179e+00 2.085462e+00 1.974286e+00 1.693888e+00 1.552939e+00 1.691789e+00 1.614498e+00 1.525106e+00 3.927533e-01 2.323177e-01 3.297492e-01 2.791312e-01 3.660486e-01 3.920853e-01 3.803597e-01 3.509991e-01 2.972623e-01 2.878198e-01 3.161444e-01 2.734058e-01 1.725331e-01
<GCONST> 1.125080e+02
<TRANSP> 5
 0.000000e+00 1.000000e+00 0.000000e+00 0.000000e+00 0.000000e+00
 0.000000e+00 7.249233e-01 2.750767e-01 0.000000e+00 0.000000e+00
 0.000000e+00 0.000000e+00 7.249222e-01 2.750777e-01 0.000000e+00
 0.000000e+00 0.000000e+00 0.000000e+00 8.446097e-01 1.553904e-01
 0.000000e+00 0.000000e+00 0.000000e+00 0.000000e+00 0.000000e+00
<ENDHMM>
~h "ee"
<BEGINHMM>
<NUMSTATES> 5
<STATE> 2
<MEAN> 39
 8.135749e-01 -6.716204e+00 3.570948e+00 -5.774882e+00 -7.272910e+00 -4.243177e+00 1.171886e+00 -2.652696e+00 1.577628e+00 -1.638977e+00 1.004604e+00 -4.019238e+00 6.498861e+01 -1.087921e-03 -2.663472e-02 5.146194e-02 -2.370739e-03 -5.711242e-02 -4.083888e-02 -2.268324e-02 -5.935210e-03 -4.005867e-02 2.601760e-02 1.521927e-02 -7.828692e-03 5.589001e-03 -2.424247e-03 1.386361e-03 1.663262e-03 5.463933e-04 1.465797e-03 2.430517e-03 -1.533465e-03 1.267558e-03 9.913112e-04 1.084150e-04 -1.224158e-04 1.345816e-03 -2.436508e-03
<VARIANCE> 39
 4.947256e+01 5.305188e+01 9.195415e+01 3.529292e+01 7.889878e+01 4.132928e+01 4.670828e+01 3.329742e+01 4.627294e+01 2.301516e+01 3.007679e+01 3.085528e+01 6.157113e+01 1.403008e+00 1.914327e+00 2.425640e+00 1.621688e+00 2.425389e+00 1.927852e+00 2.140089e+00 1.948934e+00 2.016815e+00 1.603012e+00 1.653438e+00 1.780156e+00 1.714833e+00 1.847249e-01 2.899048e-01 3.551009e-01 2.669571e-01 3.611681e-01 3.286372e-01 3.638744e-01 3.506692e-01 3.590826e-01 3.142982e-01 3.036315e-01 3.144107e-01 2.218024e-01
<GCONST> 1.136086e+02
<STATE> 3
<MEAN> 39
 7.905776e-01 -6.807841e+00 3.772821e+00 -5.772272e+00 -7.479493e+00 -4.379181e+00 1.082479e+00 -2.679171e+00 1.447093e+00 -1.538292e+00 1.059438e+00 -4.041460e+00 6.499635e+01 -1.019502e-02 -2.281706e-02 5.527781e-02 9.709960e-04 -5.435161e-02 -3.317524e-02 -2.724455e-02 -5.150440e-03 -3.193370e-02 2.650877e-02 1.406626e-02 -5.219166e-03 -9.182100e-04 -2.088479e-03 1.150186e-03 1.125059e-03 4.785361e-04 4.036622e-04 1.978155e-03 -1.345228e-03 -1.179963e-04 2.579421e-03 4.613118e-04 -3.196021e-04 4.871459e-04 -1.256809e-03
<VARIANCE> 39
 4.802431e+01 5.285710e+01 9.501146e+01 3.471766e+01 8.098970e+01 4.046537e+01 4.599437e+01 3.330096e+01 4.657803e+01 2.351159e+01 3.066041e+01 3.076952e+01 6.201830e+01 1.387087e+00 1.935196e+00 2.511041e+00 1.636554e+00 2.481823e+00 1.917861e+00 2.161825e+00 1.954641e+00 2.024904e+00 1.645506e+00 1.673206e+00 1.792817e+00 1.769737e+00 1.845573e-01 2.947563e-01 3.666097e-01 2.718709e-01 3.673500e-01 3.288080e-01 3.702018e-01 3.522398e-01 3.599063e-01 3.239946e-01 3.068000e-01 3.176864e-01 2.300056e-01
<GCONST> 1.139822e+02
<STATE> 4
<MEAN> 39
 7.779967e-01 -6.913030e+00 4.088489e+00 -5.810108e+00 -7.828631e+00 -4.557672e+00 8.830695e-01 -2.734652e+00 1.324635e+00 -1.351146e+00 1.123536e+00 -4.098738e+00 6.504867e+01 -1.941189e-02 -1.929340e-02 6.054875e-02 2.615480e-03 -5.595380e-02 -2.683390e-02 -3.260809e-02 -7.119434e-03 -1.830571e-02 3.174112e-02 1.737178e-02 -3.466544e-03 -5.262935e-03 -9.460787e-04 9.856384e-04 7.863048e-04 -4.398812e-04 6.428562e-05 1.316246e-03 -1.163947e-03 -1.889437e-04 2.401802e-03 1.010862e-03 3.800428e-04 1.738398e-04 -3.428522e-04
<VARIANCE> 39
 4.578925e+01 5.213724e+01 1.009515e+02 3.400461e+01 8.436929e+01 3.943228e+01 4.479762e+01 3.329541e+01 4.731702e+01 2.421883e+01 3.123048e+01 3.065806e+01 6.217267e+01 1.372345e+00 1.981010e+00 2.661119e+00 1.657971e+00 2.596355e+00 1.908860e+00 2.219309e+00 1.969449e+00 2.049865e+00 1.699964e+00 1.706796e+00 1.819840e+00 1.877501e+00 1.852890e-01 3.052316e-01 3.857274e-01 2.784393e-01 3.809284e-01 3.304374e-01 3.838450e-01 3.566141e-01 3.622441e-01 3.355987e-01 3.124619e-01 3.238880e-01 2.461693e-01
<GCONST> 1.146591e+02
<TRANSP> 5
 0.000000e+00 1.000000e+00 0.000000e+00 0.000000e+00 0.000000e+00
 0.000000e+00 7.314053e-01 2.685948e-01 0.000000e+00 0.000000e+00
 0.000000e+00 0.000000e+00 7.314047e-01 2.685953e-01 0.000000e+00
 0.000000e+00 0.000000e+00 0.000000e+00 8.520040e-01 1.479960e-01
 0.000000e+00 0.000000e+00 0.000000e+00 0.000000e+00 0.000000e+00
<ENDHMM>
~h "ii"
<BEGINHMM>
<NUMSTATES> 5
<STATE> 2
<MEAN> 39
 2.342959e-01 -4.425110e+00 3.941665e+00 -4.647188e+00 -5.095601e+00 -2.821393e+00 1.629868e+00 -3.366100e+00 2.450267e+00 -1.418756e+00 3.379904e-01 -3.714899e+00 6.320609e+01 -8.071421e-03 4.159518e-02 6.779754e-02 2.486777e-02 -2.820234e-02 -4.067489e-04 -3.026358e-03 -2.527496e-02 -1.872392e-02 -6.556566e-03 1.635949e-02 2.450883e-02 -4.148483e-02 -2.308333e-03 -1.220029e-03 -1.114422e-03 -1.885725e-04 1.281117e-03 -8.652930e-04 -4.302573e-04 2.012467e-03 1.670226e-03 -1.443571e-03 -4.768051e-04 -2.766279e-04 -1.369476e-03
<VARIANCE> 39
 4.626480e+01 3.817374e+01 8.511012e+01 3.491695e+01 7.126237e+01 3.015226e+01 3.802478e+01 3.134687e+01 3.621889e+01 2.069360e+01 2.516773e+01 3.246066e+01 5.780548e+01 1.163150e+00 1.488914e+00 2.231030e+00 1.425130e+00 2.626048e+00 1.918472e+00 2.147871e+00 1.917165e+00 1.835862e+00 1.640126e+00 1.662344e+00 1.786232e+00 1.563330e+00 1.469489e-01 2.287469e-01 3.156095e-01 2.169112e-01 4.160690e-01 3.486619e-01 3.930498e-01 3.584599e-01 3.282785e-01 3.112324e-01 3.045488e-01 3.185279e-01 1.998068e-01
<GCONST> 1.104753e+02
<STATE> 3
<MEAN> 39
 1.920577e-01 -4.275789e+00 4.189072e+00 -4.553441e+00 -5.192385e+00 -2.831315e+00 1.618486e+00 -3.435531e+00 2.394037e+00 -1.454198e+00 4.012608e-01 -3.626244e+00 6.304602e+01 -1.685998e-02 3.779382e-02 6.425004e-02 2.580304e-02 -2.157756e-02 -4.350700e-03 -2.367134e-03 -1.652522e-02 -1.430628e-02 -1.050099e-02 1.521734e-02 2.388775e-02 -4.701131e-02 -2.616997e-03 -1.138062e-03 -1.221710e-03 1.660018e-04 2.125135e-03 -1.062577e-03 5.225574e-04 2.723138e-03 1.246465e-03 -1.106853e-03 -2.945497e-04 -1.756319e-04 -1.464936e-03
<VARIANCE> 39
 4.475768e+01 3.752222e+01 8.413753e+01 3.472702e+01 7.270879e+01 2.963419e+01 3.785268e+01 3.096628e+01 3.577912e+01 2.030501e+01 2.479461e+01 3.233289e+01 5.678980e+01 1.111900e+00 1.435478e+00 2.212597e+00 1.420762e+00 2.633398e+00 1.887104e+00 2.128136e+00 1.898036e+00 1.809335e+00 1.612111e+00 1.635762e+00 1.772717e+00 1.525633e+00 1.406451e-01 2.206349e-01 3.130773e-01 2.174086e-01 4.163449e-01 3.444572e-01 3.872389e-01 3.556679e-01 3.232526e-01 3.052092e-01 3.009655e-01 3.176203e-01 1.946827e-01
<GCONST> 1.099248e+02
<STATE> 4
<MEAN> 39
 1.102336e-01 -4.137366e+00 4.486712e+00 -4.443486e+00 -5.305896e+00 -2.894628e+00 1.634562e+00 -3.441133e+00 2.314671e+00 -1.512489e+00 4.658801e-01 -3.556633e+00 6.285114e+01 -2.764588e-02 3.398577e-02 6.087147e-02 2.679927e-02 -1.068955e-02 -1.007120e-02 3.456270e-03 -2.535916e-03 -1.382209e-02 -1.279505e-02 1.462961e-02 2.168527e-02 -5.286811e-02 -2.459781e-03 -1.305793e-03 -1.378156e-03 -5.311944e-05 2.499780e-03 -9.484139e-04 1.282811e-03 2.714928e-03 2.349435e-04 -5.162992e-04 -3.534185e-04 -3.439039e-04 -1.000212e-03
<VARIANCE> 39
 4.275375e+01 3.742216e+01 8.321394e+01 3.427430e+01 7.503184e+01 2.889685e+01 3.760486e+01 3.043071e+01 3.517886e+01 1.983947e+01 2.405069e+01 3.239496e+01 5.550541e+01 1.060878e+00 1.380583e+00 2.197962e+00 1.416685e+00 2.639467e+00 1.856035e+00 2.104514e+00 1.872182e+00 1.781479e+00 1.557279e+00 1.586551e+00 1.758108e+00 1.492787e+00 1.348944e-01 2.117439e-01 3.114795e-01 2.186658e-01 4.159738e-01 3.412029e-01 3.802463e-01 3.512398e-01 3.176971e-01 2.942607e-01 2.943091e-01 3.160082e-01 1.901165e-01
<GCONST> 1.092691e+02
<TRANSP> 5
 0.000000e+00 1.000000e+00 0.000000e+00 0.000000e+00 0.000000e+00
 0.000000e+00 7.282130e-01 2.717869e-01 0.000000e+00 0.000000e+00
 0.000000e+00 0.000000e+00 7.282125e-01 2.717875e-01 0.000000e+00
 0.000000e+00 0.000000e+00 0.000000e+00 8.483707e-01 1.516293e-01
 0.000000e+00 0.000000e+00 0.000000e+00 0.000000e+00 0.000000e+00
<ENDHMM>
~h "sh"
<BEGINHMM>
<NUMSTATES> 5
<STATE> 2
<MEAN> 39
 4.670980e-01 -6.878564e+00 2.430700e+00 -4.853758e+00 -5.566576e+00 -3.282347e+00 1.588339e+00 -2.012260e+00 3.144258e+00 -2.434598e+00 3.829440e-01 -3.624300e+00 6.517400e+01 1.787206e-02 -3.661838e-02 4.757831e-02 1.199987e-03 -3.116348e-02 -1.699034e-03 -3.968094e-03 5.841861e-03 -3.259806e-03 -3.943419e-03 -1.078076e-02 -1.159423e-02 5.898028e-02 -1.039065e-03 -4.534389e-04 1.361466e-03 8.317764e-04 -1.954212e-03 -1.778574e-03 -1.067763e-03 6.832217e-04 -1.412951e-03 -2.215903e-03 -9.165495e-05 8.214400e-04 6.721015e-04
<VARIANCE> 39
 5.949599e+01 4.741827e+01 7.349864e+01 3.659980e+01 5.830444e+01 3.763158e+01 3.713042e+01 3.828849e+01 4.163537e+01 2.364256e+01 2.434543e+01 3.030139e+01 6.004465e+01 1.940191e+00 1.880711e+00 2.101321e+00 1.648434e+00 2.142005e+00 2.106148e+00 1.995865e+00 2.086434e+00 2.030321e+00 1.518047e+00 1.584396e+00 1.533982e+00 1.558839e+00 2.429580e-01 2.712666e-01 3.308864e-01 2.679914e-01 3.575374e-01 3.512647e-01 3.783331e-01 3.636818e-01 3.643923e-01 2.917136e-01 2.948321e-01 2.672669e-01 2.115728e-01
<GCONST> 1.124547e+02
<STATE> 3
<MEAN> 39
 5.235775e-01 -7.005579e+00 2.613760e+00 -4.829599e+00 -5.696917e+00 -3.315662e+00 1.557598e+00 -1.977677e+00 3.124778e+00 -2.473919e+00 3.457612e-01 -3.657186e+00 6.538753e+01 1.213335e-02 -3.341114e-02 5.114874e-02 9.396201e-03 -3.551672e-02 -1.158235e-02 -9.570984e-03 9.139090e-03 -6.082801e-03 -1.225340e-02 -1.150477e-02 -8.140679e-03 5.783863e-02 -1.562689e-03 1.401708e-03 6.980689e-04 2.482529e-03 -1.032283e-03 -2.696665e-03 -1.508217e-03 6.871836e-04 -4.579351e-04 -2.286094e-03 -1.486355e-04 1.010635e-03 -7.353493e-04
<VARIANCE> 39
 6.015111e+01 4.854416e+01 7.430979e+01 3.649257e+01 5.848088e+01 3.814933e+01 3.698265e+01 3.852701e+01 4.269135e+01 2.389048e+01 2.445527e+01 3.052933e+01 5.919645e+01 1.965782e+00 1.895087e+00 2.115515e+00 1.639042e+00 2.166353e+00 2.105633e+00 1.992568e+00 2.073879e+00 2.051176e+00 1.512760e+00 1.594328e+00 1.532382e+00 1.566494e+00 2.435146e-01 2.706861e-01 3.314171e-01 2.660655e-01 3.610170e-01 3.508401e-01 3.780178e-01 3.596904e-01 3.671944e-01 2.910617e-01 2.969670e-01 2.669431e-01 2.124542e-01
<GCONST> 1.125980e+02
<STATE> 4
<MEAN> 39
 5.486362e-01 -7.151904e+00 2.912446e+00 -4.727382e+00 -5.919167e+00 -3.443613e+00 1.456534e+00 -1.912208e+00 3.103175e+00 -2.582198e+00 3.262668e-01 -3.665887e+00 6.566529e+01 -1.242980e-03 -2.285867e-02 5.453368e-02 2.477033e-02 -3.835281e-02 -2.878577e-02 -1.725529e-02 1.298800e-02 -7.592726e-04 -2.280449e-02 -9.700410e-03 -2.513733e-03 5.038098e-02 -2.285098e-03 2.316633e-03 1.585193e-04 2.530608e-03 -3.499813e-04 -2.750846e-03 -1.118640e-03 2.224936e-04 1.160106e-03 -1.519125e-03 3.283066e-04 1.057288e-03 -1.719129e-03
<VARIANCE> 39
 6.171177e+01 5.027705e+01 7.513713e+01 3.647250e+01 5.890621e+01 3.894165e+01 3.667180e+01 3.841782e+01 4.409097e+01 2.414461e+01 2.441041e+01 3.051576e+01 5.798735e+01 2.014573e+00 1.912464e+00 2.112231e+00 1.606004e+00 2.198928e+00 2.115086e+00 2.005426e+00 2.040628e+00 2.070235e+00 1.508429e+00 1.608083e+00 1.527395e+00 1.536820e+00 2.446082e-01 2.694973e-01 3.286991e-01 2.595851e-01 3.659174e-01 3.514515e-01 3.813512e-01 3.522872e-01 3.683254e-01 2.909221e-01 3.002042e-01 2.672129e-01 2.065638e-01
<GCONST> 1.126764e+02
<TRANSP> 5
 0.000000e+00 1.000000e+00 0.000000e+00 0.000000e+00 0.000000e+00
 0.000000e+00 7.207431e-01 2.792569e-01 0.000000e+00 0.000000e+00
 0.000000e+00 0.000000e+00 7.207438e-01 2.792561e-01 0.000000e+00
 0.000000e+00 0.000000e+00 0.000000e+00 8.397086e-01 1.602914e-01
 0.000000e+00 0.000000e+00 0.000000e+00 0.000000e+00 0.000000e+00
<ENDHMM>
~h "uu"
<BEGINHMM>
<NUMSTATES> 5
<STATE> 2
<MEAN> 39
 2.066201e+00 -6.170630e+00 1.797194e+00 -5.929494e+00 -5.452143e+00 -3.030799e+00 3.555956e-01 -2.410818e+00 2.918386e+00 -2.727573e+00 -3.629439e-02 -4.021882e+00 6.610974e+01 2.748084e-02 2.321590e-02 3.303451e-02 -6.079217e-03 -4.260676e-02 -1.926940e-02 -3.304331e-02 2.148210e-03 -2.612240e-04 -2.252710e-02 8.497434e-03 5.257854e-03 3.312816e-02 -2.400832e-03 1.696586e-03 1.304483e-03 1.292366e-03 -4.655367e-04 -1.616749e-03 6.085571e-04 7.916522e-04 1.030298e-04 -2.266181e-04 1.015087e-03 1.421346e-03 -2.240931e-03
<VARIANCE> 39
 5.862694e+01 5.335285e+01 7.255190e+01 4.518079e+01 5.724132e+01 4.293101e+01 4.392448e+01 3.670642e+01 4.207341e+01 2.247623e+01 2.576581e+01 3.002209e+01 5.459435e+01 1.755641e+00 1.994175e+00 1.954507e+00 1.773888e+00 2.079799e+00 2.179454e+00 2.175982e+00 2.102741e+00 2.096914e+00 1.603169e+00 1.619801e+00 1.701678e+00 1.499855e+00 2.168816e-01 2.813650e-01 2.982780e-01 2.697869e-01 3.415208e-01 3.460740e-01 3.871169e-01 3.696046e-01 3.709550e-01 3.054343e-01 2.986966e-01 3.066517e-01 1.887740e-01
<GCONST> 1.130441e+02
<STATE> 3
<MEAN> 39
 2.148506e+00 -6.074735e+00 1.929401e+00 -5.945671e+00 -5.615337e+00 -3.114821e+00 2.392955e-01 -2.398242e+00 2.918067e+00 -2.811677e+00 4.029313e-03 -3.991864e+00 6.621716e+01 1.832383e-02 2.854784e-02 3.835758e-02 -2.288169e-03 -4.484309e-02 -2.416611e-02 -2.966824e-02 4.438544e-03 7.372815e-06 -2.263295e-02 1.182866e-02 1.040094e-02 2.521967e-02 -2.830421e-03 1.166822e-03 1.692540e-03 1.279706e-03 -5.158054e-04 -1.373999e-03 1.048394e-03 8.454145e-04 3.326351e-04 1.992449e-05 9.811148e-04 1.368341e-03 -2.318157e-03
<VARIANCE> 39
 5.917173e+01 5.418486e+01 7.270617e+01 4.535578e+01 5.713022e+01 4.316759e+01 4.371556e+01 3.647760e+01 4.255961e+01 2.257339e+01 2.548261e+01 2.962513e+01 5.266605e+01 1.771630e+00 2.010382e+00 1.942763e+00 1.762287e+00 2.088908e+00 2.192021e+00 2.178717e+00 2.097932e+00 2.107057e+00 1.610104e+00 1.615702e+00 1.695785e+00 1.471062e+00 2.158012e-01 2.823427e-01 2.959704e-01 2.667006e-01 3.430688e-01 3.473947e-01 3.871497e-01 3.689414e-01 3.714448e-01 3.062346e-01 2.973257e-01 3.066842e-01 1.846849e-01
<GCONST> 1.129836e+02
<STATE> 4
<MEAN> 39
 2.259870e+00 -5.873800e+00 2.126162e+00 -5.996110e+00 -5.859355e+00 -3.243479e+00 5.277896e-02 -2.381474e+00 2.922435e+00 -2.939905e+00 8.641221e-02 -3.915298e+00 6.632656e+01 5.935864e-03 3.314553e-02 4.663154e-02 3.860119e-03 -4.853481e-02 -2.936653e-02 -2.106226e-02 6.915741e-03 -1.235517e-04 -2.148842e-02 1.566336e-02 1.697834e-02 1.463550e-02 -2.771199e-03 2.966781e-04 1.687096e-03 1.681224e-03 -1.403258e-04 -9.142371e-04 1.726360e-03 8.879428e-04 3.189145e-04 4.126970e-04 6.058437e-04 9.239641e-04 -2.209668e-03
<VARIANCE> 39
 6.030704e+01 5.530024e+01 7.173394e+01 4.557569e+01 5.641675e+01 4.340501e+01 4.339066e+01 3.589535e+01 4.316306e+01 2.273296e+01 2.495515e+01 2.883902e+01 4.967446e+01 1.797443e+00 2.043843e+00 1.917218e+00 1.744377e+00 2.093197e+00 2.205745e+00 2.187056e+00 2.097734e+00 2.134392e+00 1.622487e+00 1.609540e+00 1.679495e+00 1.427256e+00 2.148949e-01 2.860191e-01 2.914822e-01 2.623858e-01 3.430451e-01 3.480021e-01 3.875167e-01 3.699793e-01 3.754019e-01 3.068191e-01 2.951458e-01 3.052375e-01 1.790454e-01
<GCONST> 1.128470e+02
<TRANSP> 5
 0.000000e+00 1.000000e+00 0.000000e+00 0.000000e+00 0.000000e+00
 0.000000e+00 7.272108e-01 2.727892e-01 0.000000e+00 0.000000e+00
 0.000000e+00 0.000000e+00 7.272119e-01 2.727881e-01 0.000000e+00
 0.000000e+00 0.000000e+00 0.000000e+00 8.474283e-01 1.525716e-01
 0.000000e+00 0.000000e+00 0.000000e+00 0.000000e+00 0.000000e+00
<ENDHMM>
~h "sil"
<BEGINHMM>
<NUMSTATES> 5
<STATE> 2
<MEAN> 39
 -5.293927e+00 -4.335868e+00 1.037756e+00 -1.469732e+00 -2.009096e-01 -2.356122e+00 4.903162e+00 -2.045860e+00 3.647722e+00 -2.160049e+00 1.782315e+00 -3.113222e-01 5.664934e+01 -4.650879e-02 -3.546512e-03 2.470062e-02 5.132205e-02 1.533917e-02 3.505699e-02 2.288740e-02 -2.480043e-02 2.100782e-02 -1.053446e-02 4.407308e-02 -1.878682e-02 -6.083517e-02 3.806294e-03 -3.714663e-03 -1.279338e-02 -3.345509e-03 -1.000910e-02 -4.754276e-03 1.086159e-02 -1.288854e-02 -2.163677e-02 1.573274e-03 -1.570211e-02 1.138172e-02 6.647100e-03
<VARIANCE> 39
 1.861611e+01 1.261195e+01 2.164422e+01 1.525599e+01 2.448845e+01 1.833309e+01 2.033592e+01 2.204872e+01 2.159149e+01 1.621797e+01 1.679629e+01 1.485183e+01 1.948551e+01 5.095631e-01 5.994160e-01 8.656988e-01 8.785093e-01 1.240707e+00 1.369448e+00 1.544985e+00 1.848488e+00 1.625088e+00 1.396225e+00 1.412357e+00 1.148700e+00 3.457601e-01 6.791027e-02 9.484585e-02 1.381614e-01 1.580706e-01 2.162313e-01 2.430821e-01 2.619449e-01 3.297891e-01 3.110411e-01 2.497429e-01 2.489878e-01 2.094169e-01 4.557912e-02
<GCONST> 8.699542e+01
<STATE> 3
<MEAN> 39
 -5.460009e+00 -4.361261e+00 1.061129e+00 -1.354219e+00 -1.798570e-01 -2.229069e+00 5.032882e+00 -2.141308e+00 3.643939e+00 -2.158842e+00 1.877123e+00 -3.124537e-01 5.643554e+01 -4.256245e-02 -1.042333e-02 2.670631e-03 2.210495e-02 -5.481448e-03 2.202804e-02 2.147339e-02 -3.012285e-02 -1.352542e-02 1.105833e-02 1.152428e-02 -3.213048e-03 -5.109240e-02 -8.212840e-04 1.181901e-03 -2.114844e-03 -1.150047e-02 -5.226194e-03 -8.040426e-03 -1.034717e-02 1.865804e-03 -4.999883e-03 6.865292e-03 -9.809435e-03 2.582044e-03 8.936221e-04
<VARIANCE> 39
 1.635046e+01 1.203384e+01 2.067331e+01 1.430824e+01 2.214147e+01 1.801350e+01 1.943518e+01 2.158795e+01 2.161323e+01 1.535463e+01 1.642508e+01 1.447009e+01 1.710665e+01 4.677919e-01 5.266423e-01 8.778462e-01 8.467000e-01 1.200199e+00 1.299756e+00 1.502993e+00 1.766356e+00 1.649605e+00 1.394348e+00 1.369757e+00 1.193755e+00 3.228255e-01 6.624039e-02 9.125511e-02 1.500864e-01 1.636032e-01 2.218660e-01 2.648948e-01 2.918950e-01 3.490559e-01 3.380796e-01 2.779275e-01 2.808688e-01 2.390054e-01 4.356369e-02
<GCONST> 8.657623e+01
<STATE> 4
<MEAN> 39
 -5.619997e+00 -4.433156e+00 1.163839e+00 -1.365469e+00 -1.880276e-01 -2.171908e+00 5.017388e+00 -2.257600e+00 3.623069e+00 -2.030205e+00 1.887721e+00 -3.141541e-01 5.621665e+01 -4.279218e-02 -3.681186e-03 3.262246e-02 -9.044295e-03 -1.139317e-02 -7.660473e-03 -4.287191e-02 -2.824754e-02 -1.223307e-02 2.973882e-02 -1.653603e-02 2.009887e-05 -5.295318e-02 -1.707148e-03 4.693912e-03 9.184366e-03 -5.019825e-03 -2.003361e-03 -7.550481e-03 -1.452552e-02 -3.505222e-03 -2.312541e-03 -2.887352e-03 -1.288448e-02 -3.918863e-04 -1.838736e-05
<VARIANCE> 39
 1.391120e+01 1.185149e+01 2.025394e+01 1.395626e+01 2.009016e+01 1.711603e+01 2.055163e+01 2.213505e+01 2.164437e+01 1.544315e+01 1.639218e+01 1.387236e+01 1.551113e+01 4.095182e-01 4.872363e-01 8.109164e-01 8.327702e-01 1.104718e+00 1.253517e+00 1.539820e+00 1.661948e+00 1.617187e+00 1.378583e+00 1.397523e+00 1.229946e+00 2.816313e-01 6.128105e-02 8.389822e-02 1.426944e-01 1.518802e-01 2.002382e-01 2.416619e-01 2.825871e-01 3.071252e-01 3.101936e-01 2.707901e-01 2.716445e-01 2.355740e-01 3.963200e-02
<GCONST> 8.467526e+01
<TRANSP> 5
 0.000000e+00 1.000000e+00 0.000000e+00 0.000000e+00 0.000000e+00
 0.000000e+00 7.283741e-01 2.716258e-01 0.000000e+00 0.000000e+00
 0.000000e+00 0.000000e+00 7.283742e-01 2.716258e-01 0.000000e+00
 0.000000e+00 0.000000e+00 0.000000e+00 8.484890e-01 1.515110e-01
 0.000000e+00 0.000000e+00 0.000000e+00 0.000000e+00 0.000000e+00
<ENDHMM>
~h "txh"
<BEGINHMM>
<NUMSTATES> 5
<STATE> 2
<MEAN> 39
 -9.793787e-02 -8.417936e+00 -1.186625e+00 -4.350580e+00 -1.909060e+00 -1.698873e+00 3.148512e+00 -1.824312e+00 3.678901e+00 -2.963323e+00 4.048475e-01 -3.609038e+00 6.308652e+01 -1.038804e-02 -2.949883e-03 -1.095382e-02 1.810351e-02 1.892748e-02 -1.164621e-02 1.159362e-02 1.647881e-02 -7.092508e-04 -2.590933e-02 1.595210e-02 2.597300e-02 -1.942748e-02 -1.465683e-03 9.788676e-04 1.221304e-03 -1.219642e-03 -3.802063e-05 1.809014e-04 9.671182e-04 -1.177972e-03 -1.110557e-03 1.430419e-03 6.666640e-06 -7.779419e-05 -1.816010e-04
<VARIANCE> 39
 4.855511e+01 5.543095e+01 4.879194e+01 3.558387e+01 3.451121e+01 4.218114e+01 3.779595e+01 4.453669e+01 3.304354e+01 2.459025e+01 2.067065e+01 3.636047e+01 7.144371e+01 1.055035e+00 1.756014e+00 1.585152e+00 1.483001e+00 1.610123e+00 2.252091e+00 1.914329e+00 2.382700e+00 1.910636e+00 1.577199e+00 1.627738e+00 2.077779e+00 1.780626e+00 1.331969e-01 2.736168e-01 2.602637e-01 2.427062e-01 2.955649e-01 3.572752e-01 3.567174e-01 3.963387e-01 3.473040e-01 3.072974e-01 3.257449e-01 3.889812e-01 2.422269e-01
<GCONST> 1.105137e+02
<STATE> 3
<MEAN> 39
 -1.357098e-01 -8.434345e+00 -1.229249e+00 -4.297314e+00 -1.839294e+00 -1.739163e+00 3.196420e+00 -1.761271e+00 3.669923e+00 -3.052306e+00 4.611198e-01 -3.516828e+00 6.302263e+01 -1.263349e-02 -2.395803e-03 -6.856495e-03 1.230437e-02 1.841343e-02 -9.853936e-03 1.462808e-02 1.271349e-02 -4.367130e-03 -1.991848e-02 1.531440e-02 2.371086e-02 -1.714946e-02 5.825964e-05 6.489869e-05 8.581051e-04 -1.544196e-03 -2.760198e-04 5.340681e-04 5.386488e-04 -1.263543e-03 -1.259316e-03 1.613501e-03 -1.077517e-05 -9.541724e-04 8.785463e-04
<VARIANCE> 39
 4.796197e+01 5.486829e+01 4.825396e+01 3.463031e+01 3.375867e+01 4.228694e+01 3.792091e+01 4.560445e+01 3.316642e+01 2.486909e+01 2.051685e+01 3.613858e+01 7.105228e+01 1.049240e+00 1.789422e+00 1.585842e+00 1.488265e+00 1.610783e+00 2.253099e+00 1.912523e+00 2.414472e+00 1.931934e+00 1.603801e+00 1.669786e+00 2.086052e+00 1.832299e+00 1.318027e-01 2.790011e-01 2.605858e-01 2.447849e-01 2.972682e-01 3.585630e-01 3.560116e-01 4.018282e-01 3.530785e-01 3.113627e-01 3.357883e-01 3.889284e-01 2.501531e-01
<GCONST> 1.107046e+02
<STATE> 4
<MEAN> 39
 -9.407987e-02 -8.543951e+00 -1.283347e+00 -4.290603e+00 -1.774556e+00 -1.745910e+00 3.223913e+00 -1.707853e+00 3.635217e+00 -3.158137e+00 4.958881e-01 -3.466392e+00 6.306890e+01 -4.073921e-03 -1.257873e-02 -6.130959e-03 4.758473e-03 1.590805e-02 -5.243343e-03 1.336817e-02 9.939155e-03 -7.611266e-03 -1.615386e-02 1.255291e-02 1.542590e-02 -2.544497e-03 1.723891e-03 -9.513528e-04 3.502585e-04 -1.093352e-03 -6.435462e-04 6.863936e-04 -7.202675e-04 -9.050659e-04 -1.041322e-03 8.476095e-04 -7.976580e-05 -1.616802e-03 2.184421e-03
<VARIANCE> 39
 4.731511e+01 5.506733e+01 4.782089e+01 3.334845e+01 3.259797e+01 4.287676e+01 3.798715e+01 4.713738e+01 3.378354e+01 2.523592e+01 2.044132e+01 3.625806e+01 7.090508e+01 1.067121e+00 1.864173e+00 1.595303e+00 1.519192e+00 1.612688e+00 2.279033e+00 1.898782e+00 2.480137e+00 1.969848e+00 1.635505e+00 1.721355e+00 2.100217e+00 1.926893e+00 1.332229e-01 2.883069e-01 2.633161e-01 2.513112e-01 2.993115e-01 3.631954e-01 3.519285e-01 4.123975e-01 3.630333e-01 3.147725e-01 3.467361e-01 3.883536e-01 2.622141e-01
<GCONST> 1.111661e+02
<TRANSP> 5
 0.000000e+00 1.000000e+00 0.000000e+00 0.000000e+00 0.000000e+00
 0.000000e+00 7.318527e-01 2.681473e-01 0.000000e+00 0.000000e+00
 0.000000e+00 0.000000e+00 7.318532e-01 2.681468e-01 0.000000e+00
 0.000000e+00 0.000000e+00 0.000000e+00 8.525369e-01 1.474632e-01
 0.000000e+00 0.000000e+00 0.000000e+00 0.000000e+00 0.000000e+00
<ENDHMM>
